type	latitude	longitude	altitude (ft)	name	desc	kml_folder
T	37.377912396	-80.141867374	1940.2	Untitled Path		final_bb.kmz
T	37.590242694	-80.658179279	2200.8			
T	37.478212827	-80.681699084	2215.1			
T	37.429529789	-80.687359572	2063.7			
T	37.371078905	-80.699041692	1981.2			
T	37.297998058	-80.716671065	1867.1			
T	37.244412029	-80.728354399	1992.4			
T	37.200560699	-80.740109733	2142.5			
T	37.161612269	-80.745807032	2213.2			
T	37.132379689	-80.751666612	2082.2			
T	37.103097572	-80.763654775	2115.5			
T	37.073855626	-80.769509837	2036.7			
T	37.039706406	-80.781395424	2011.6			
T	37.020153258	-80.793412523	2379.6			
T	37.010506029	-80.781118281	2203.4			
T	37.010632812	-80.762818042	2319.1			
T	37.015715350	-80.732329080	2129.4			
T	37.015925525	-80.701792847	2065.0			
T	37.011366521	-80.652944131	2017.3			
T	37.011708477	-80.591983104	2378.0			
T	37.011923265	-80.549326320	2099.6			
T	37.012154300	-80.500574932	2206.1			
T	37.012366017	-80.451821409	2022.8			
T	37.002878306	-80.390829844	2271.6			
T	37.002900487	-80.384737300	2235.3			
T	37.003066219	-80.335999068	2557.3			
T	36.998313852	-80.287299565	2403.3			
T	36.998418385	-80.232523380	2474.4			
T	36.993706148	-80.165489957	2629.5			
T	36.993765699	-80.122860944	2667.4			
T	36.988945225	-80.074146479	1441.0			
T	36.988948061	-80.025452779	1346.0			
T	36.984039094	-79.952400823	1255.2			
T	36.974260203	-79.891519619	990.5			
T	36.974204388	-79.848896047	1173.4			
T	36.969256847	-79.800190805	1009.1			
T	36.969125699	-79.739293519	941.1			
T	36.968980727	-79.684478211	858.1			
T	36.968831168	-79.635748812	875.8			
T	36.968729232	-79.605293476	884.9			
T	36.973445029	-79.562629514	853.5			
T	36.973422151	-79.556538159	871.9			
T	36.978122310	-79.513870121	730.7			
T	36.982913035	-79.495564549	708.2			
T	36.997324850	-79.452820749	799.2			
T	37.002101234	-79.434498834	863.4			
T	37.006779088	-79.397882333	873.9			
T	37.011446501	-79.361258355	843.7			
T	37.016101474	-79.324622288	943.5			
T	37.020705864	-79.281876847	835.7			
T	37.020467383	-79.245265850	839.5			
T	37.025127896	-79.214706374	677.8			
T	37.029736672	-79.178036358	590.8			
T	37.029511137	-79.147514989	522.5			
T	37.034052627	-79.104725367	579.7			
T	37.043497914	-79.067975473	515.0			
T	37.043296407	-79.043544736	469.9			
T	37.047854304	-79.006835855	533.8			
T	37.057380419	-78.982277433	493.1			
T	37.062250562	-78.982216386	486.7			
T	37.091414297	-78.975737599	576.9			
T	37.130315646	-78.969128729	527.0			
T	37.154661481	-78.968818562	455.3			
T	37.183821429	-78.962326096	552.0			
T	37.227586202	-78.955640106	608.7			
T	37.232454501	-78.955577161	631.8			
T	37.261666041	-78.955205236	755.7			
T	37.295742717	-78.954727267	772.0			
T	37.334635878	-78.948052158	783.8			
T	37.373582497	-78.947505131	711.1			
T	37.402793287	-78.947094448	737.3			
T	37.436820328	-78.940474563	670.5			
T	37.480643563	-78.939826121	596.5			
T	37.495252248	-78.939607419	435.6			
T	37.514731702	-78.939315699	549.3			
T	37.534263001	-78.945174086	690.2			
T	37.578095110	-78.944520566	648.3			
T	37.597627493	-78.950385734	587.5			
T	37.636577755	-78.949850748	685.7			
T	37.656042661	-78.949605703	636.9			
T	37.680372186	-78.949300543	710.6			
T	37.704749310	-78.955158596	613.6			
T	37.719490138	-78.973469094	592.5			
T	37.724589744	-79.004230379	686.7			
T	37.724726457	-79.022721596	719.3			
T	37.724860105	-79.041211847	788.6			
T	37.725159826	-79.084354473	827.5			
T	37.725405970	-79.121327941	1294.8			
T	37.725601866	-79.152135070	2059.4			
T	37.720890692	-79.176824129	1875.4			
T	37.721127059	-79.213753368	2398.3			
T	37.716485861	-79.250728997	2061.7			
T	37.716662299	-79.281501501	1381.4			
T	37.716822378	-79.312285454	2056.8			
T	37.712138321	-79.349264099	1870.5			
T	37.712295514	-79.380023584	963.5			
T	37.712480242	-79.416927527	1165.8			
T	37.712713801	-79.472302852	936.6			
T	37.707979424	-79.515429350	1072.0			
T	37.708085552	-79.552354476	1788.9			
T	37.703332747	-79.595450765	1338.6			
T	37.703423627	-79.632355403	1531.8			
T	37.703626405	-79.693820162	2532.7			
T	37.703745174	-79.736852786	1842.1			
T	37.703815467	-79.767594659	1351.4			
T	37.708745218	-79.798324908	1151.8			
T	37.708782904	-79.829073824	962.7			
T	37.708806944	-79.859821528	1222.1			
T	37.708826584	-79.896717213	1333.8			
T	37.708844620	-79.933611266	2774.4			
T	37.713715838	-79.958204970	2323.4			
T	37.713705535	-79.988949048	2162.0			
T	37.723371720	-80.044278949	1290.3			
T	37.728196577	-80.081173146	1589.1			
T	37.728144570	-80.118061160	2496.2			
T	37.728092887	-80.148798852	2774.9			
T	37.728031460	-80.185688364	1969.1			
T	37.727935343	-80.234875442	2144.0			
T	37.727921845	-80.241023718	2533.2			
T	37.727763348	-80.302499582	2401.2			
T	37.732448919	-80.376352463	2457.4			
T	37.732352519	-80.413284536	2354.4			
T	37.732238848	-80.450214545	2196.5			
T	37.732156278	-80.474836685	2182.2			
T	37.727178616	-80.505578750	1908.3			
T	37.727039611	-80.542518843	1999.8			
T	37.731807655	-80.567189983	1944.4			
T	37.731664712	-80.597966741	1843.3			
T	37.721813047	-80.622500454	1744.1			
T	37.712081118	-80.622414009	2219.1			
T	37.687720614	-80.628349234	2050.7			
T	37.663360671	-80.634277161	1815.9			
T	37.643862394	-80.640240969	1818.8			
T	37.624364436	-80.646201490	1846.6			
T	37.600004776	-80.652121271	1976.4			
T	37.551289072	-80.663964002	1746.7			
T	37.541526036	-80.670016377	1608.2			
T	37.507502790	-80.663556650	2176.8			
T	37.658902863	-80.541954458	2215.5			
T	37.659043676	-80.505051231	2144.5			
T	37.619921494	-80.553927166	2436.0			
T	37.590570712	-80.590568205	2977.8			
T	37.659089609	-80.492752377	2248.7			
T	37.615003299	-80.566179735	2533.9			
T	37.590653429	-80.572131140	2455.1			
T	37.654389850	-80.443513258	2376.4			
T	37.659156328	-80.474304485	2153.5			
T	37.605247132	-80.572248956	2642.0			
T	37.659293094	-80.431246570	2157.0			
T	37.683728318	-80.394503724	2855.2			
T	37.537001004	-80.602406967	1932.9			
T	37.497988518	-80.620486354	2132.3			
T	37.664228223	-80.406677322	2800.4			
T	37.492907713	-80.663420810	2027.0			
T	37.449053224	-80.675286511	1950.0			
T	37.615528588	-80.418643708	2429.4			
T	37.639731423	-80.461854911	2413.5			
T	37.551536702	-80.614816405	1974.0			
T	37.503042736	-80.577508408	2045.6			
T	37.644809526	-80.388100606	2812.7			
T	37.615229498	-80.510857222	2292.3			
T	37.507661752	-80.632857058	2189.5			
T	37.561761475	-80.491977562	2277.0			
T	37.625312090	-80.400268529	2482.7			
T	37.517512904	-80.608382097	2213.8			
T	37.483302559	-80.638776953	2150.7			
T	37.571640009	-80.449051651	2358.7			
T	37.600929852	-80.418541947	2306.1			
T	37.556873057	-80.498080936	2226.5			
T	37.517811297	-80.534622016	2640.1			
T	37.532521526	-80.504021915	2193.4			
T	37.625344726	-80.387975398	2811.8			
T	37.600855869	-80.443123206	2333.5			
T	37.576359897	-80.492096145	2282.1			
T	37.635122900	-80.369596620	2620.2			
T	37.649777249	-80.345094545	2905.1			
T	37.679092397	-80.302251064	2597.6			
T	37.630161848	-80.406447990	2764.7			
T	37.576292377	-80.510532839	2256.1			
T	37.639927498	-80.394217162	2817.6			
T	37.703444137	-80.296230758	2830.5			
T	37.674133875	-80.332935554	2831.2			
T	37.586114596	-80.486029479	2316.5			
T	37.517590278	-80.589941236	2107.2			
T	37.507804127	-80.602141369	1997.8			
T	37.586177748	-80.467594148	2294.2			
T	37.679056042	-80.314535431	2826.2			
T	37.547186027	-80.485717670	2448.5			
T	37.420025421	-80.644317325	3067.6			
T	37.346565781	-80.729361295	1756.0			
T	37.376115490	-80.668476931	1781.6			
T	37.557157352	-80.412096156	2412.2			
T	37.630377002	-80.320415583	2876.2			
T	37.610822892	-80.357158360	2599.7			
T	37.503305788	-80.509919641	2470.1			
T	37.410390549	-80.625822529	2456.3			
T	37.454590391	-80.527927693	3248.1			
T	37.703676136	-80.197903881	2835.7			
T	37.610958664	-80.308048833	2497.3			
T	37.591425497	-80.338647444	2758.2			
T	37.366741505	-80.600952459	4058.6			
T	37.410986677	-80.490863565	3968.9			
T	37.591634909	-80.265034209	3321.0			
T	37.483964148	-80.479075677	3377.5			
T	37.464414507	-80.503457310	3492.7			
T	37.351992102	-80.631481537	2484.1			
T	37.581816197	-80.301808164	3050.9			
T	37.576687216	-80.387661170	2614.6			
T	37.562022462	-80.412129402	2358.8			
T	37.370925910	-80.723489562	2701.0			
T	37.537812734	-80.381326939	3257.9			
T	37.674387728	-80.240806054	1811.6			
T	37.522858975	-80.485522512	2205.3			
T	37.351927102	-80.643739093	2560.5			
T	37.499013626	-80.356651317	2890.4			
T	37.645282272	-80.197706460	2212.7			
T	37.591570674	-80.289573494	2691.8			
T	37.523231533	-80.381260672	2490.2			
T	37.537961950	-80.338432192	2127.2			
T	37.577006479	-80.283389655	3155.6			
T	37.586743372	-80.277288022	3432.7			
T	37.601323783	-80.277335917	2336.5			
T	37.498765505	-80.424020113	2506.5			
T	37.445040634	-80.484944214	3238.0			
T	37.494021963	-80.393376816	2399.0			
T	37.620939824	-80.203759702	1821.3			
T	37.645306368	-80.185427089	1865.2			
T	37.635549613	-80.197672714	1941.6			
T	37.620900981	-80.222172193	2782.6			
T	37.606275065	-80.240535877	2962.5			
T	37.591619301	-80.271169062	3419.7			
T	37.445040634	-80.484944214	3238.0			
T	37.430375906	-80.503211301	2883.5			
T	37.401057218	-80.539829992	3414.7			
T	37.381474087	-80.570377821	3071.4			
T	37.406070461	-80.503066298	3757.6			
T	37.533260324	-80.283242404	2448.4			
T	37.664848658	-80.136350870	1678.6			
T	37.547621044	-80.356857532	3504.2			
T	37.352087312	-80.613096109	2501.4			
T	37.303250548	-80.649439448	1863.0			
T	37.362186876	-80.533447519	3817.4			
T	37.499182198	-80.301511810	2772.4			
T	37.616144147	-80.166916561	2137.9			
T	37.616099747	-80.191466379	1787.1			
T	37.518348251	-80.387364738	2256.2			
T	37.430348813	-80.509333389	2924.2			
T	37.342327529	-80.619142583	1928.5			
T	37.317942696	-80.631189452	1766.7			
T	37.322903197	-80.612852884	1928.3			
T	37.455219001	-80.368709599	2040.7			
T	37.484510059	-80.332092790	2586.6			
T	37.616154495	-80.160778946	2135.8			
T	37.577069508	-80.258854513	2034.8			
T	37.469576011	-80.429994509	2236.6			
T	37.440258776	-80.466560019	3372.5			
T	37.288623577	-80.655434914	2082.9			
T	37.274165397	-80.630814527	1976.7			
T	37.288887121	-80.606446685	1751.6			
T	37.465147227	-80.301381018	1711.1			
T	37.494419354	-80.258577976	1716.0			
T	37.616236950	-80.117832807	3607.6			
T	37.586913386	-80.203670449	2855.1			
T	37.386573420	-80.515200954	3742.3			
T	37.288790575	-80.624816023	1760.6			
T	37.333091953	-80.514873069	2323.7			
T	37.352699023	-80.478299943	2364.7			
T	37.577252483	-80.148403636	3052.1			
T	37.660085411	-80.074930933	1857.6			
T	37.572280362	-80.228170930	2675.1			
T	37.435641537	-80.405345240	2033.9			
T	37.289159376	-80.551345990	2689.7			
T	37.445676325	-80.307418607	2168.2			
T	37.640589089	-80.099460748	2262.8			
T	37.635669350	-80.130140542	2120.1			
T	37.460059313	-80.374852522	2187.3			
T	37.250006108	-80.600007750	2347.8			
T	37.377462287	-80.356116115	2329.8			
T	37.587131039	-80.050287583	1826.1			
T	37.587099760	-80.074825704	2529.2			
T	37.572462910	-80.099330171	2128.0			
T	37.372390868	-80.417270660	2738.3			
T	37.205964147	-80.648575324	2025.6			
T	37.171700943	-80.684953584	1931.0			
T	37.220918907	-80.581413824	1968.2			
T	37.411743426	-80.258255325	3082.9			
T	37.616389943	-80.001219381	1807.3			
T	37.645595312	-79.982802069	1675.6			
T	37.577287856	-80.123867727	1868.0			
T	37.367459024	-80.435588670	3282.6			
T	37.338138044	-80.472105957	2080.0			
T	37.206167393	-80.611875456	1722.5			
T	37.338662760	-80.319219165	1696.7			
T	37.367957249	-80.270349568	1620.1			
T	37.523863814	-80.050202482	1236.2			
T	37.387337542	-80.301049167	2935.2			
T	37.235883967	-80.502034256	2062.5			
T	37.231196726	-80.459255067	2002.5			
T	37.407074508	-80.141901043	1655.6			
T	37.538499857	-80.007308406	1381.6			
T	37.323669964	-80.441469463	2095.0			
T	37.230916043	-80.526447538	1789.2			
T	37.538511436	-79.988914288	1810.6			
T	37.596887429	-80.031892501	1912.6			
T	37.255388308	-80.489940181	2233.1			
T	37.353409077	-80.251929443	2695.4			
T	37.577451037	-79.988927529	1206.3			
T	37.450619701	-80.270656332	2585.6			
T	37.152032435	-80.721334004	1976.5			
T	37.455667919	-80.148095689	2988.0			
T	37.626130008	-79.988942487	1303.9			
T	37.309057055	-80.447497385	2599.2			
T	37.377681958	-80.270385204	1921.2			
T	37.694232907	-79.902882728	1547.2			
T	37.426164244	-80.331854899	2519.1			
T	37.333673668	-80.362023219	2131.0			
T	37.650395098	-79.847634968	1051.9			
T	37.518928686	-80.117612251	1646.0			
T	37.285077537	-80.349563815	2157.9			
T	37.635804607	-79.853805650	1124.8			
T	37.358081816	-80.331551403	3030.8			
T	37.231072527	-80.489790051	1955.5			
T	37.221446169	-80.465304917	1941.3			
T	37.236130933	-80.440960970	2114.6			
T	37.377837042	-80.190806610	1832.8			
T	37.407074508	-80.141901043	1655.6			
T	37.621244658	-79.896823517	1214.2			
T	37.626117402	-79.909101479	1324.3			
T	37.587173544	-80.007339635	1274.3			
T	37.572542212	-80.038000815	1612.6			
T	37.445813568	-80.239986646	2484.2			
T	37.426305435	-80.270562956	2510.2			
T	37.348301673	-80.349860002	3106.1			
T	37.441026452	-80.190945783	3351.8			
T	37.460513956	-80.160359548	2597.9			
T	37.616404908	-79.976660995	1119.6			
T	37.611484978	-80.038045261	3305.6			
T	37.523689074	-80.203474664	1894.4			
T	37.494470357	-80.227909085	1630.9			
T	37.577388880	-80.056408118	1465.3			
T	37.606641741	-80.013489884	2071.7			
T	37.504224847	-80.209543099	1596.5			
T	37.450568260	-80.295179465	2229.1			
T	37.436054096	-80.258340616	2421.5			
T	37.445824110	-80.233857654	2676.2			
T	37.592059604	-79.982795630	1217.2			
T	37.611478023	-80.044182938	3213.6			
T	37.450568260	-80.295179465	2229.1			
T	37.353219023	-80.331529845	2570.2			
T	37.377720127	-80.252012458	1527.9			
T	37.514149612	-80.031806209	1607.0			
T	37.538499857	-80.007308406	1381.6			
T	37.557984157	-79.976652783	1478.4			
T	37.582322093	-79.958243923	1472.5			
T	37.669903963	-79.902909989	1099.9			
T	37.665059238	-79.964367473	2333.4			
T	37.645575066	-80.007368291	2836.3			
T	37.460359538	-80.264567249	2441.1			
T	37.241040043	-80.428772463	2119.2			
T	37.236327147	-80.385992413	2253.2			
T	37.421704522	-80.099072514	1896.3			
T	37.562851460	-79.970518047	1540.2			
T	37.621268120	-79.952096544	1154.8			
T	37.562747868	-80.087046438	1786.7			
T	37.548118585	-80.111541358	1623.0			
T	37.533495083	-80.136032820	1960.1			
T	37.514008395	-80.160504742	1535.1			
T	37.489672320	-80.178832817	2042.6			
T	37.465324496	-80.203279047	2482.5			
T	37.250937556	-80.379954906	1978.3			
T	37.255989696	-80.318879743	2030.8			
T	37.460585429	-80.105243739	1328.1			
T	37.592005645	-80.044158515	1972.9			
T	37.567595844	-80.099319453	2397.5			
T	37.552974953	-80.117682984	1704.2			
T	37.538358962	-80.136044288	1772.4			
T	37.333831559	-80.306953987	1974.4			
T	37.299723974	-80.331291702	2109.9			
T	37.275350821	-80.349518339	1865.3			
T	37.265604848	-80.355584992	2039.4			
T	37.290226594	-80.239554912	1443.0			
T	37.304876880	-80.209024847	1656.3			
T	37.509306853	-79.933734699	1213.3			
T	37.572551253	-79.884605999	1611.6			
T	37.582310769	-79.921418707	1874.5			
T	37.548224042	-80.019578305	1230.9			
T	37.397168964	-80.252078911	2012.4			
T	37.260493028	-80.428877663	2063.8			
T	37.240971191	-80.447095709	2007.1			
T	37.226309457	-80.465333395	1995.6			
T	37.201967603	-80.471295409	2039.9			
T	37.299965515	-80.233463901	1716.0			
T	37.470388938	-79.988891104	1417.9			
T	37.504446236	-79.952126677	1357.7			
T	37.538498223	-79.915318779	1319.3			
T	37.655236964	-79.823046202	1165.2			
T	37.679584126	-79.835284840	1074.0			
T	37.577339098	-80.093207552	2324.2			
T	37.299444353	-80.416875428	2638.6			
T	37.275060510	-80.435072953	2255.7			
T	37.192359733	-80.440717405	2189.5			
T	37.392570702	-80.068455224	1739.7			
T	37.606597142	-79.847717889	1251.1			
T	37.572579257	-79.933699513	1854.7			
T	37.416793519	-80.141912225	1586.1			
T	37.265604848	-80.355584992	2039.4			
T	37.246053477	-80.386040036	1950.8			
T	37.163008663	-80.483267701	1802.9			
T	37.187886576	-80.324672931	1655.9			
T	37.412043595	-79.982769742	1281.6			
T	37.460662404	-79.958261331	1404.0			
T	37.353509982	-80.202997794	2258.4			
T	37.177522436	-80.501665062	2012.4			
T	37.089324159	-80.629247801	1981.7			
T	37.099409291	-80.562192257	1974.9			
T	37.285504754	-80.160097087	1557.2			
T	37.339086404	-80.080663891	2354.7			
T	37.285435318	-80.202877973	2172.1			
T	37.275648704	-80.233413613	1608.9			
T	37.261006827	-80.257813158	1294.3			
T	37.251206760	-80.288318176	1385.0			
T	37.241399465	-80.318813544	2140.4			
T	37.172810223	-80.465019703	1995.0			
T	37.236600626	-80.294364890	1457.5			
T	37.450930209	-79.988884461	1721.9			
T	37.543373875	-79.933715611	1420.1			
T	37.533633227	-80.007305290	1526.1			
T	37.519015266	-80.031811193	1542.5			
T	37.372819798	-80.270367258	1698.8			
T	37.343541837	-80.313117070	1750.0			
T	37.314239156	-80.355814801	2392.4			
T	37.284940073	-80.392347080	2220.9			
T	37.153094475	-80.525931085	1780.1			
T	37.236615713	-80.288258165	1428.7			
T	37.450936205	-79.958264479	1455.1			
T	37.591976089	-79.835469114	1218.6			
T	37.543373875	-79.933715611	1420.1			
T	37.523913775	-79.964384954	1664.9			
T	37.246228636	-80.331049919	2236.8			
T	37.216915304	-80.373679049	1645.9			
T	37.192471046	-80.410196322	2165.5			
T	37.168041082	-80.440582345	2072.6			
T	37.148491116	-80.464877042	1997.7			
T	37.128935880	-80.489159677	1843.5			
T	37.075150493	-80.549805097	1875.4			
T	37.104842165	-80.434095630	2140.9			
T	37.241719431	-80.166112036	1249.5			
T	37.402321979	-79.964410795	1162.4			
T	37.265989994	-80.196733810	1759.3			
T	37.045878837	-80.567873575	1915.1			
T	37.075434827	-80.488813021	2095.6			
T	37.090154870	-80.458406587	2127.7			
T	37.114660817	-80.409747972	2239.0			
T	37.139145343	-80.361060721	2154.5			
T	37.163603651	-80.312359707	1855.5			
T	37.192902256	-80.263664115	1804.0			
T	37.455795885	-79.909266114	1399.1			
T	37.494701339	-79.890839812	1350.9			
T	37.392538212	-80.105170591	1908.5			
T	37.251191417	-80.294426248	1497.9			
T	37.192732908	-80.330797993	1421.9			
T	37.295238332	-80.153997704	1844.1			
T	37.567661328	-79.860066908	1461.9			
T	37.353498442	-80.209113152	2148.8			
T	37.324252276	-80.245740580	2087.4			
T	37.294976122	-80.288454822	1778.3			
T	37.275442472	-80.318952348	1865.1			
T	37.255897260	-80.349431689	1586.2			
T	37.192515600	-80.397982102	2120.1			
T	37.202345365	-80.367493369	1593.5			
T	37.217030375	-80.337021146	1877.1			
T	37.236569395	-80.306578250	1593.8			
T	37.402319609	-80.013377447	1745.5			
T	37.577261843	-79.761849224	959.4			
T	37.616126465	-79.737168248	1018.5			
T	37.543334400	-79.860107724	1078.9			
T	37.523885465	-79.884670123	1100.7			
T	37.300183039	-80.080638703	1216.2			
T	37.275849284	-80.098960229	1143.5			
T	37.241778468	-80.123338643	1296.2			
T	37.217449265	-80.135490333	1664.6			
T	37.392556801	-79.866491293	1980.2			
T	37.411987911	-79.841967246	2209.0			
T	37.436285072	-79.823543465	1452.7			
T	37.455721130	-79.805113396	1400.5			
T	37.470282636	-79.786694077	1083.2			
T	37.446055575	-79.878652255	1374.1			
T	37.426616508	-79.903176747	1345.3			
T	37.402314555	-79.933808061	1831.4			
T	37.378015603	-79.958305330	1211.9			
T	37.353709274	-79.988909524	1593.5			
T	37.329394587	-80.013381444	1131.4			
T	37.305069644	-80.043955237	1105.7			
T	37.271020054	-80.050058459	1170.8			
T	37.295351138	-80.019497329	1123.1			
T	37.591609597	-79.669749788	1946.6			
T	37.334232865	-80.068427978	2500.9			
T	37.149104666	-80.275697874	1623.8			
T	37.523796017	-79.786544863	1334.8			
T	37.587047011	-79.786368249	1346.0			
T	37.567627697	-79.810968881	1467.1			
T	37.407182128	-80.001134989	2301.0			
T	37.373145362	-80.037854266	1296.4			
T	37.334224175	-80.080660697	2104.0			
T	37.105144534	-80.348686026	1864.8			
T	37.085673316	-80.354686560	2082.6			
T	37.251545616	-80.080589787	2230.9			
T	37.280756499	-80.031722956	999.4			
T	37.319671573	-79.988920244	1136.4			
T	37.353701052	-79.939967437	1107.6			
T	37.382851411	-79.897107389	1236.2			
T	37.416861494	-79.854205206	1646.8			
T	37.528536925	-79.731343140	990.8			
T	37.509212688	-79.792716388	1174.7			
T	37.251511730	-80.117253128	1292.7			
T	37.222296410	-80.147719021	2470.0			
T	37.134656439	-80.220688580	2098.4			
T	37.426558582	-79.823564604	1577.9			
T	37.688820135	-79.632431595	1640.1			
T	37.587134134	-79.860033146	1501.7			
T	37.553093234	-79.903036597	1477.7			
T	37.207627256	-80.196550428	1792.1			
T	37.227219574	-80.092760551	2174.4			
T	37.251565325	-80.050036518	1128.7			
T	37.620619639	-79.608213066	1464.8			
T	37.664525169	-79.644843423	1722.8			
T	37.358572176	-79.976671971	1349.0			
T	37.319670429	-80.007266557	1173.4			
T	37.125036263	-80.171831820	2657.7			
T	37.232122582	-79.982823729	1138.8			
T	37.542788324	-79.614775780	885.3			
T	37.562201746	-79.596253728	1430.8			
T	37.640023790	-79.583520836	1302.4			
T	37.494554847	-79.762109239	1033.2			
T	37.465429584	-79.792834589	1101.4			
T	37.266162476	-79.940039847	980.3			
T	37.149444516	-80.013326811	1437.6			
T	37.212651489	-79.927855317	1235.5			
T	37.241821184	-79.903391479	1071.5			
T	37.533089236	-79.627100254	1427.7			
T	37.571948058	-79.602339339	867.3			
T	37.601094792	-79.583747943	1142.9			
T	37.533301833	-79.694536704	1461.3			
T	37.499330488	-79.725320707	928.9			
T	37.465364189	-79.762203641	1127.7			
T	37.129994229	-80.031612123	2046.7			
T	37.207792852	-79.940073830	1618.9			
T	37.523440553	-79.651668709	1723.8			
T	37.533370409	-79.719061695	959.3			
T	37.324509448	-79.909412294	1533.3			
T	37.071593989	-80.153398283	2689.0			
T	37.300189919	-79.903325771	1039.6			
T	37.625485337	-79.608186921	1536.0			
T	37.635217865	-79.608133279	1553.4			
T	37.475134867	-79.780552851	1164.8			
T	37.280754980	-79.940027721	960.5			
T	37.246714638	-79.970602682	1044.0			
T	37.222396538	-79.995037012	1165.9			
T	37.134852032	-80.074293431	1595.1			
T	37.144580154	-80.062110838	1947.1			
T	37.343908743	-79.848216932	1050.3			
T	37.368198642	-79.823690924	1207.2			
T	37.392480815	-79.799148923	1012.5			
T	37.416763773	-79.780719916	2286.4			
T	37.455607350	-79.749983574	1354.0			
T	37.470186721	-79.743808386	1184.5			
T	37.475170482	-79.798936163	1180.7			
T	37.465469994	-79.823474912	1263.2			
T	37.270979018	-80.105068474	1127.1			
T	37.241756158	-80.141667239	1188.6			
T	37.075801144	-80.397326807	2057.4			
T	37.070892568	-80.409496641	1923.3			
T	37.090475549	-80.373010705	2030.6			
T	37.105144534	-80.348686026	1864.8			
T	37.124667122	-80.324380945	1764.5			
T	37.144197978	-80.293976212	1857.0			
T	37.163721908	-80.263553571	1604.1			
T	37.188129257	-80.220911642	1776.4			
T	37.217374602	-80.184364684	1470.3			
T	37.368291691	-80.013379342	1499.2			
T	37.382870450	-80.031736738	2045.2			
T	37.280536784	-80.221202322	1671.6			
T	37.256128785	-80.263903972	1362.2			
T	37.113878725	-80.586711671	1848.4			
T	37.163223932	-80.428346740	2036.6			
T	37.182852251	-80.379605863	1942.3			
T	37.368255713	-79.884888018	1311.8			
T	37.183488787	-80.025544090	1910.8			
T	37.256431708	-79.933932301	1000.7			
T	37.601061708	-79.571460815	755.4			
T	37.460331857	-79.694841202	1444.6			
T	37.168887122	-79.958410276	1219.1			
T	37.261232845	-79.854474985	1166.2			
T	37.494126494	-79.608903347	1419.5			
T	37.363177934	-79.738038304	1532.5			
T	37.081356340	-80.007209612	1343.2			
T	37.256330054	-79.823926931	952.2			
T	37.600992122	-79.546884253	866.0			
T	37.397246810	-79.750168482	1090.7			
T	37.081365749	-80.043769805	1292.6			
T	37.217504725	-79.909526867	1004.4			
T	37.610776955	-79.565257666	1072.2			
T	37.586589084	-79.620682195	1211.5			
T	37.095946793	-80.007211365	1522.3			
T	37.251540076	-79.891158771	999.5			
T	37.533283859	-79.688405666	1093.6			
T	37.377972726	-79.872634765	1431.6			
T	37.227258187	-79.982824106	1156.8			
T	37.202941885	-80.001138917	1126.9			
T	37.149446335	-80.025525392	1791.9			
T	37.372969211	-79.768600357	2436.0			
T	37.586496769	-79.583832904	850.7			
T	37.615643776	-79.565228002	1250.6			
T	37.639925085	-79.546635487	1286.7			
T	37.669056014	-79.521846053	1279.3			
T	37.654490892	-79.534243676	1346.8			
T	37.635058033	-79.546666669	1168.1			
T	37.610776955	-79.565257666	1072.2			
T	37.581631084	-79.583861263	879.0			
T	37.547637792	-79.608611974	1559.5			
T	37.275769309	-79.811663602	1239.5			
T	37.256330054	-79.823926931	952.2			
T	37.198018479	-79.872908114	1234.8			
T	37.377647615	-79.689042582	1171.9			
T	37.630080097	-79.509811404	904.1			
T	37.601010333	-79.553028503	816.5			
T	37.397144879	-79.707327807	995.1			
T	37.241725390	-79.817851861	1072.5			
T	37.261136710	-79.787247746	1035.3			
T	37.280561972	-79.768857800	1053.2			
T	37.299969645	-79.744347593	1133.4			
T	37.542522520	-79.522696310	2105.3			
T	37.595907649	-79.479320066	1753.6			
T	37.372739316	-79.670699824	1350.8			
T	37.173658680	-79.842424461	1000.6			
T	37.154223573	-79.860771552	1092.4			
T	37.236720678	-79.738429363	952.6			
T	37.420892207	-79.517328655	944.6			
T	37.469384813	-79.474061940	1033.4			
T	37.435504856	-79.523371672	1297.7			
T	37.207570916	-79.756849502	947.5			
T	37.081276911	-79.879187931	1145.3			
T	37.115249640	-79.818136015	993.8			
T	37.134679489	-79.799786346	1028.7			
T	37.154083901	-79.769219722	1020.3			
T	37.178358360	-79.744726608	1007.9			
T	37.202627959	-79.720217493	881.2			
T	37.236606949	-79.689544055	1028.6			
T	37.260865714	-79.664997720	1019.6			
T	37.459805284	-79.517085361	1501.0			
T	37.435604211	-79.554034235	1188.7			
T	37.421071130	-79.572508379	1169.8			
T	37.396814864	-79.591021239	953.1			
T	37.377425749	-79.609474229	1191.7			
T	37.353169933	-79.627939124	961.2			
T	37.328910420	-79.646391294	878.4			
T	37.270596082	-79.664960323	942.6			
T	37.299729939	-79.646505645	916.8			
T	37.513296239	-79.510601415	3674.3			
T	37.299829453	-79.683197337	912.5			
T	37.455058687	-79.553922707	1500.7			
T	37.576423348	-79.473310587	2004.5			
T	37.406632471	-79.621595465	1144.0			
T	37.261115244	-79.775023468	982.5			
T	37.246553729	-79.793397338	903.0			
T	37.372722880	-79.664579906	1652.3			
T	37.561712967	-79.442693074	2705.7			
T	37.600424682	-79.393242438	856.1			
T	37.522859954	-79.461400726	2967.6			
T	37.217193366	-79.707947856	944.5			
T	37.139501280	-79.775364343	1044.9			
T	37.246200136	-79.640614267	950.7			
T	37.425576772	-79.468229248	776.9			
T	37.459506146	-79.437320959	1366.3			
T	37.648763207	-79.325196802	1600.5			
T	37.576117094	-79.399591143	1093.7			
T	37.314022360	-79.554685231	1116.8			
T	37.207224736	-79.622459036	875.3			
T	37.255733905	-79.579434516	744.0			
T	37.571017013	-79.350485236	842.5			
T	37.716695202	-79.287658422	1403.8			
T	37.571277740	-79.405774251	1518.4			
T	37.299361951	-79.536403915	983.0			
T	37.270218744	-79.548783352	1030.7			
T	37.144051814	-79.647173558	845.2			
T	37.187744374	-79.616441885	955.4			
T	37.284813824	-79.548711335	1019.9			
T	37.488672149	-79.430967924	958.1			
T	37.307306835	-79.193549075	511.2			
T	37.288156740	-79.242729786	891.0			
T	37.370769701	-79.223527937	790.0			
T	37.307736515	-79.260910153	920.9			
T	37.273747876	-79.273476284	767.9			
T	37.230023711	-79.286113738	730.2			
T	37.147509716	-79.323514543	755.6			
T	37.099084389	-79.366664402	733.1			
T	37.055542886	-79.415819715	652.6			
T	37.089608264	-79.415571624	719.8			
T	37.138416980	-79.445742898	731.4			
T	37.298687102	-79.383409420	743.0			
T	37.337485981	-79.358611592	772.9			
T	37.361580688	-79.315540923	742.0			
T	37.342185807	-79.327956473	844.6			
T	37.119606609	-79.610662415	845.0			
T	37.158382632	-79.567729212	855.6			
T	37.298624818	-79.371170849	888.9			
T	37.400152220	-79.253904910	759.5			
T	37.438893587	-79.222851939	778.8			
T	37.458360912	-79.222644656	663.2			
T	37.337453578	-79.352488842	777.2			
T	37.148390487	-79.500624631	855.5			
T	37.317857078	-79.328164641	850.5			
T	37.550258682	-79.129438854	860.8			
T	37.564864204	-79.129262696	932.1			
T	37.196776658	-79.439216867	837.5			
T	37.133689395	-79.476300936	767.6			
T	37.380577533	-79.235695353	740.0			
T	37.564864204	-79.129262696	932.1			
T	37.332555316	-79.346407137	801.3			
T	37.114331346	-79.500842216	728.1			
T	37.308193859	-79.340490509	898.2			
T	37.458543353	-79.253335239	857.5			
T	37.497478773	-79.252930732	548.3			
T	37.478081158	-79.265410893	918.4			
T	37.143165386	-79.421282495	810.2			
T	37.210841108	-79.335202143	761.8			
T	37.307773384	-79.267035626	891.6			
T	37.501820356	-79.166888952	712.1			
T	37.526119590	-79.160462765	742.7			
T	37.482428843	-79.179396432	745.0			
T	37.234742208	-79.261604933	598.1			
T	37.491798360	-79.123999027	833.9			
T	37.569525149	-79.098452043	828.3			
T	37.452897413	-79.130611053	791.0			
T	37.302103538	-79.144620937	875.8			
T	37.404312137	-79.143435399	756.1			
T	37.375195000	-79.156029828	866.6			
T	37.350901384	-79.162435856	1116.3			
T	37.234349509	-79.200439891	830.9			
T	37.472110794	-79.093526231	768.7			
T	37.428389526	-79.106344359	778.8			
T	37.350599181	-79.119545980	666.0			
T	37.493732909	-79.480031502	1628.3			
T	37.338486768	-79.597403491	926.7			
T	37.197703359	-79.695805346	972.6			
T	37.061727063	-79.812158789	957.5			
T	37.139412605	-79.732644531	906.7			
T	37.542364978	-79.473549937	3319.1			
T	37.571598162	-79.485637899	1235.5			
T	37.246351480	-79.695617625	1054.8			
T	37.120075078	-79.793721815	977.1			
T	37.100646229	-79.812069590	1125.5			
T	37.357835896	-79.566713115	926.0			
T	37.406343155	-79.529680465	923.9			
T	37.450013123	-79.498742458	1838.6			
T	37.354914557	-79.045908696	816.6			
T	37.151311073	-79.158475782	746.1			
T	37.272636012	-79.108235988	882.7			
T	37.292058629	-79.101877413	769.3			
T	37.335725780	-79.082949812	623.2			
T	37.364838139	-79.070317908	603.8			
T	37.296787633	-79.083435838	1122.1			
T	37.204308420	-79.084505859	749.2			
T	37.291538327	-79.034474590	768.7			
T	37.354672101	-79.015240222	709.9			
T	37.320744351	-79.034090461	788.5			
T	37.141212479	-79.109668319	752.0			
T	37.083021752	-79.140844209	475.8			
T	37.126653978	-79.115938488	609.7			
T	37.282092745	-79.071364958	840.3			
T	37.389036983	-79.051601572	619.4			
T	37.403733707	-79.063687539	474.9			
T	37.272544970	-79.095990180	846.0			
T	37.155909496	-79.121740298	582.3			
T	37.136482484	-79.128060680	533.4			
T	37.204355823	-79.090626377	762.6			
T	37.291826577	-79.071241929	857.8			
T	37.340729327	-79.101282567	695.6			
T	37.215496966	-79.298475026	693.0			
T	37.114253303	-79.482534210	698.9			
T	37.104625899	-79.507006248	829.2			
T	37.220927699	-79.402365049	814.3			
T	37.298495575	-79.346692940	844.2			
T	37.274451546	-79.401953550	618.0			
T	37.201911214	-79.500282167	908.0			
T	37.163110344	-79.531063487	753.3			
T	37.119344647	-79.537428607	877.5			
T	37.133551594	-79.445777489	625.4			
T	37.210702097	-79.310746731	594.7			
T	37.216239476	-79.439076722	906.7			
T	37.187973748	-79.695841855	987.4			
T	37.163895239	-79.818026824	1107.8			
T	37.144188357	-79.696006428	853.8			
T	37.129234063	-79.580095214	858.7			
T	37.119344647	-79.537428607	877.5			
T	37.109915221	-79.622914305	889.9			
T	37.110064872	-79.671728821	793.4			
T	37.110147614	-79.702235402	883.4			
T	37.110221765	-79.732740653	859.7			
T	37.110288525	-79.763244173	869.6			
T	37.105665587	-79.988925050	1760.0			
T	37.105675372	-80.013310072	2034.0			
T	37.091088115	-80.019399040	1633.7			
T	37.086214773	-79.995021444	1286.5			
T	37.081334933	-79.958446819	1177.5			
T	37.076164121	-79.732852623	956.7			
T	37.076104581	-79.708458708	882.4			
T	37.075855725	-79.623072342	790.4			
T	37.076005802	-79.671865962	972.2			
T	37.086169997	-79.909667868	1500.0			
T	37.081357149	-80.104686239	2581.2			
T	37.076474766	-80.141216732	2749.3			
T	37.032668165	-79.921911019	1122.5			
T	37.032628910	-79.879258481	1158.8			
T	37.036690998	-79.556193567	790.0			
T	37.056179535	-79.562185619	824.1			
T	37.086179029	-79.921862462	1317.0			
T	37.091076223	-80.116882388	3052.0			
T	37.086198606	-80.141234765	2537.1			
T	37.061846960	-79.909693618	1152.5			
T	37.080442445	-79.543755591	873.0			
T	37.080295730	-79.507156561	913.9			
T	37.090198329	-79.549802079	900.6			
T	37.105538752	-79.830356906	1001.5			
T	37.105673734	-80.007214167	2402.0			
T	37.105680119	-80.037691715	1689.8			
T	37.076352500	-80.208280362	1749.7			
T	37.047209308	-80.183845945	2696.0			
T	37.047245878	-80.165559152	2637.5			
T	37.042415295	-80.141179922	2639.3			
T	37.042452070	-80.110719972	2603.4			
T	37.042460419	-80.074190810	1330.2			
T	37.071425910	-79.793844852	892.9			
T	37.071366339	-79.763357527	955.4			
T	37.071526683	-79.860912272	1203.1			
T	37.071560224	-79.891394492	1138.4			
T	37.071526565	-80.189979152	1965.2			
T	37.066466502	-80.269246311	2353.5			
T	37.051963350	-80.232626931	2227.5			
T	37.042456969	-80.098543439	1978.9			
T	37.042460021	-80.062012903	1337.6			
T	37.066592491	-79.812147648	873.7			
T	37.081325199	-80.153409579	2588.6			
T	37.071349898	-80.263158447	2332.7			
T	37.042460427	-80.068101947	1433.4			
T	37.100570638	-79.769372215	1002.2			
T	37.144102141	-80.330569451	2147.2			
T	37.076310168	-80.226575354	2475.3			
T	37.120263596	-80.007218473	2617.5			
T	37.109863815	-80.391416305	2276.2			
T	37.081231700	-80.202190349	1899.0			
T	37.222304532	-80.141611393	2335.3			
T	37.094915007	-80.482840625	2021.9			
T	37.075865241	-80.379031814	2080.0			
T	37.193114914	-80.153736954	3484.6			
T	37.270821064	-80.215073071	2453.2			
T	37.202155087	-80.422456592	2132.4			
T	37.129109716	-80.446450817	2156.5			
T	37.139365213	-80.281756409	1979.8			
T	37.149166666	-80.251276153	1741.3			
T	37.266108973	-80.111175645	1157.3			
T	37.324390825	-80.172377296	1869.0			
T	37.289843984	-80.380148145	2139.7			
T	37.143394763	-80.519760852	1925.8			
T	37.085161667	-80.488878763	1928.0			
T	37.149030221	-80.306195431	1850.3			
T	37.265868686	-80.257831946	1343.4			
T	37.294666743	-80.392398137	2355.8			
T	37.172375320	-80.562708875	1688.3			
T	37.089457932	-80.604837769	2033.1			
T	37.119045369	-80.525705455	2068.5			
T	37.284876330	-80.410682459	2414.1			
T	37.372368393	-80.423384996	2956.3			
T	37.352647315	-80.490523516	2621.5			
T	37.186875743	-80.581141194	1707.6			
T	37.143065865	-80.586927280	1939.1			
T	37.260091609	-80.526654497	2215.1			
T	37.279575288	-80.520671130	2233.0			
T	37.371963139	-80.521243858	3925.4			
T	37.254994691	-80.575569522	2777.5			
T	37.177018475	-80.605513969	1804.0			
T	37.162491503	-80.593178955	1906.0			
T	37.371804108	-80.558043178	3592.7			
T	37.157251781	-80.660365029	1976.5			
T	37.098843803	-80.665949198	2068.1			
T	37.434958397	-80.570741629	3106.4			
T	37.351894022	-80.649868379	2188.0			
T	37.156859693	-80.727476208	2022.5			
T	37.176460229	-80.703288349	2055.8			
T	37.381271487	-80.613330377	3910.5			
T	37.488365945	-80.595804797	2122.4			
T	37.463866352	-80.632429932	2134.8			
T	37.278687162	-80.692064605	1716.0			
T	37.249601449	-80.673453181	1938.2			
T	37.386336576	-80.570410937	3076.7			
T	37.517834435	-80.528476505	2493.0			
T	37.396033870	-80.576613329	3603.6			
T	37.288887121	-80.606446685	1751.6			
T	37.230486511	-80.612081909	1674.3			
T	37.254933106	-80.587808448	2357.1			
T	37.469302561	-80.497362951	3485.7			
T	37.498418341	-80.516021501	2507.5			
T	37.401182482	-80.509156337	3521.4			
T	37.377275878	-80.411179867	2778.2			
T	37.436205125	-80.160298514	2125.3			
T	37.445975575	-80.123582767	1562.7			
T	37.504419143	-79.866305788	1184.8			
T	37.504001599	-79.657889930	1771.6			
T	37.503752226	-79.572043820	2391.6			
T	37.527768746	-79.473652430	2583.3			
T	37.571794885	-79.547070056	1488.4			
T	37.591295144	-79.559233046	1253.6			
T	37.605148567	-79.362470512	1393.8			
T	37.623407319	-79.147023825	1444.3			
T	37.595261775	-79.331827373	1163.7			
T	37.618462169	-79.134766820	827.3			
T	37.677113325	-79.177260713	1022.4			
T	37.653978383	-79.398961618	1643.1			
T	37.584882453	-79.215124338	927.1			
T	37.613429486	-79.110210973	789.8			
T	37.589639779	-79.196622467	1673.8			
T	37.540521847	-79.129556232	802.7			
T	37.574174118	-79.067642463	649.9			
T	37.589248264	-79.135119685	1221.2			
T	37.507032240	-79.222121306	562.5			
T	37.477677808	-79.197874263	618.8			
T	37.559567497	-79.067831230	674.7			
T	37.588957406	-79.092057858	789.3			
T	37.589289159	-79.141270308	998.6			
T	37.541069205	-79.215605595	1361.2			
T	37.492317870	-79.203854456	767.4			
T	37.487257159	-79.173199160	672.9			
T	37.564300456	-79.049320363	689.7			
T	37.622597649	-79.030078178	674.4			
T	37.618172418	-79.091688390	759.6			
T	37.501898775	-79.179175650	820.1			
T	37.433836172	-79.192216535	669.0			
T	37.404437021	-79.161842469	764.9			
T	37.539909275	-79.043493678	844.1			
T	37.573902389	-79.030734011	730.8			
T	37.588648263	-79.048993784	743.7			
T	37.491539455	-79.087139383	793.3			
T	37.467242628	-79.093587256	721.5			
T	37.258303857	-79.145122495	993.3			
T	37.335679458	-79.076818817	729.3			
T	37.631907313	-78.974546052	715.6			
T	37.398819437	-79.057613064	571.7			
T	37.262765372	-79.089981638	788.4			
T	37.388989514	-79.045466401	695.4			
T	37.413233280	-79.032883011	615.3			
T	37.432656939	-79.026493325	592.7			
T	37.602792926	-78.987248850	675.4			
T	37.432752425	-79.038769936	458.4			
T	37.403593154	-79.045280337	642.7			
T	37.175100167	-79.084830110	682.1			
T	37.369374177	-79.027314990	810.0			
T	37.466590402	-79.007612900	839.8			
T	37.281754271	-79.028475137	780.9			
T	37.218573040	-79.041489075	718.9			
T	37.369176701	-79.002781047	706.5			
T	37.490836812	-78.994990221	726.8			
T	37.169939780	-79.048173723	704.5			
T	37.461573852	-78.989255344	466.3			
T	37.476130423	-78.982907619	603.9			
T	37.174504587	-79.011401823	616.7			
T	37.320446000	-78.997303464	799.0			
T	37.252244958	-78.992087763	601.4			
T	37.116181412	-79.024343270	587.5			
T	37.098353901	-79.244545900	729.7			
T	37.080466106	-79.549855393	826.8			
T	37.108716091	-79.348269979	741.4			
T	37.136663169	-79.152512172	629.2			
T	37.123609705	-79.403109247	570.6			
T	37.133893602	-79.525134318	782.5			
T	37.166213201	-79.201127499	742.3			
T	37.181209723	-79.262103569	538.8			
T	37.163086605	-79.524956866	666.1			
T	37.253565801	-79.163531976	936.4			
T	37.216239476	-79.439076722	906.7			
T	37.186987399	-79.427067015	930.5			
T	37.238792207	-79.139215318	884.6			
T	37.254463055	-79.304244226	739.0			
T	37.230892841	-79.451198121	897.2			
T	37.263508459	-79.194025668	784.5			
T	37.244512609	-79.267631108	675.4			
T	37.070823412	-79.574305043	796.8			
T	37.026813580	-79.519671861	683.3			
T	37.074544340	-79.330238023	794.3			
T	37.104049127	-79.384940899	646.0			
T	37.114526184	-79.549662026	911.6			
T	37.090875874	-79.787696425	1115.3			
T	37.061567045	-79.732900572	797.4			
T	37.056505994	-79.659749637	815.7			
T	37.052122435	-79.915798723	1017.5			
T	37.081294354	-80.171700722	2648.8			
T	37.091091693	-80.037681414	1382.1			
T	37.091086172	-80.013304589	1376.2			
T	37.095752009	-79.793783013	1092.9			
T	37.086071241	-79.824300267	1050.8			
T	37.086214294	-80.116874757	3011.7			
T	37.090890767	-80.232704848	2116.6			
T	37.071635565	-80.092492310	1736.2			
T	37.051975392	-79.799989580	964.7			
T	37.057029610	-79.995020730	1272.6			
T	37.085673316	-80.354686560	2082.6			
T	37.081282574	-80.177798436	2218.9			
T	37.066728818	-79.934071395	1124.2			
T	37.056814565	-80.238734127	2601.6			
T	37.056391396	-80.385025670	2336.9			
T	37.032682138	-80.141169638	2600.0			
T	37.022677594	-80.263049916	2649.2			
T	37.026955686	-80.451912640	2422.5			
T	37.017487996	-80.384816214	2346.8			
T	37.027830732	-80.128982203	2536.7			
T	37.017303201	-80.433568932	2084.1			
T	37.007399541	-80.476165775	2148.0			
T	37.017993564	-80.189897401	2581.9			
T	37.032316228	-80.305699590	2484.8			
T	37.060620461	-80.537493442	1972.4			
T	37.074800204	-80.616915835	1902.4			
T	37.079983478	-80.555944153	1846.6			
T	37.080728613	-80.379056963	2059.9			
T	37.079890961	-80.574247644	1856.2			
T	37.079562158	-80.635263702	2045.9			
T	37.076147720	-80.287568171	2521.1			
T	37.066095901	-80.391175653	2005.1			
T	37.079562158	-80.635263702	2045.9			
T	37.074996064	-80.580309253	1996.0			
T	37.071333023	-80.269257699	2412.7			
T	37.060817257	-80.494812832	2001.1			
T	37.050741850	-80.567912190	1894.5			
T	37.090345756	-80.409607486	2029.7			
T	37.119431391	-80.434184939	2266.8			
T	37.084026945	-80.702447607	2139.8			
T	37.192289302	-80.459029712	2279.5			
T	37.479683991	-80.319821119	2181.5			
T	37.552502754	-80.350749066	3278.6			
T	37.420963707	-80.429747398	2058.9			
T	37.289531807	-80.465717431	2409.8			
T	37.455176505	-80.380952417	2144.8			
T	37.542604489	-80.399731711	2458.9			
T	37.323420651	-80.502572773	2153.4			
T	37.386883295	-80.441804206	2308.7			
T	37.581501677	-80.406120269	2837.2			
T	37.625243488	-80.424856805	2621.4			
T	37.683552015	-80.456028205	1823.5			
T	37.649067465	-80.566474729	2535.4			
T	37.717400733	-80.517813970	1747.9			
T	37.722172710	-80.542478579	1977.4			
T	37.693325457	-80.443792953	2007.2			
T	37.678600098	-80.480597067	2200.8			
T	37.693727585	-80.290038186	3062.1			
T	37.688418422	-80.456062424	2080.6			
T	37.673946127	-80.412894036	2480.7			
T	37.703903217	-80.050407590	1647.5			
T	37.689088605	-80.191710053	3191.4			
T	37.678845720	-80.400623527	2838.8			
T	37.699091512	-80.007386152	3151.1			
T	37.703980327	-79.982801554	2358.6			
T	37.718552504	-79.878255013	1482.6			
T	37.698842350	-80.179450281	3217.0			
T	37.684281647	-80.154827784	2502.2			
T	37.703587965	-79.681526450	2167.7			
T	37.645592320	-79.939798855	1039.6			
T	37.631000974	-79.964376521	1187.6			
T	37.659718859	-79.663294558	1875.9			
T	37.635860399	-79.988943208	1371.3			
T	37.640428246	-80.191550503	1896.1			
T	37.655181133	-80.099484633	1686.0			
T	37.660126894	-79.847616296	932.2			
T	37.650421118	-80.025794178	2903.5			
T	37.655147686	-80.117902554	1807.3			
T	37.665056256	-79.945932047	1816.0			
T	37.679373626	-79.724649370	1686.7			
T	37.635724915	-80.099453185	2738.1			
T	37.640731678	-79.964373962	1410.3			
T	37.674139784	-79.601768660	2522.9			
T	37.640229558	-79.657246548	1845.2			
T	37.606597142	-79.847717889	1251.1			
T	37.630572918	-79.681852735	2696.9			
T	37.654472307	-79.528094102	1339.7			
T	37.673767297	-79.472592955	1066.2			
T	37.645502912	-79.823068372	922.3			
T	37.692975990	-79.410939399	879.5			
T	37.697690094	-79.380152088	1073.1			
T	37.663709490	-79.398885601	1202.0			
T	37.615915597	-79.663502545	1697.0			
T	37.643802590	-79.306787810	1247.5			
T	37.648289069	-79.239092023	1040.7			
T	37.596126054	-79.546915110	1043.8			
T	37.653012150	-79.214430767	962.3			
T	37.653153095	-79.239047676	1155.7			
T	37.634461231	-79.386816265	2565.6			
T	37.620510256	-79.565197276	1280.7			
T	37.620326160	-79.503730827	737.7			
T	37.691475312	-79.140165369	842.8			
T	37.663136207	-79.282002313	970.4			
T	37.629567895	-79.380706500	1849.0			
T	37.633907527	-79.276125460	1044.7			
T	37.686243494	-79.084783607	737.0			
T	37.643319181	-79.220676147	964.4			
T	37.637963253	-79.140719127	924.4			
T	37.676999168	-79.158789237	924.3			
T	37.657876531	-79.214384761	935.4			
T	37.647531646	-79.115995086	780.4			
T	37.676166165	-79.035613522	912.5			
T	37.614200384	-79.233257045	825.3			
T	37.627860937	-79.085426628	769.6			
T	37.651748189	-79.023578827	716.9			
T	37.661833441	-79.072735250	780.2			
T	37.647964218	-79.183704529	1283.5			
T	37.651927523	-79.048212285	787.4			
T	37.685622867	-78.998532643	657.7			
T	37.642985151	-79.165288771	741.2			
T	37.623751942	-79.202401779	941.4			
T	37.613713544	-79.153282849	1746.5			
T	37.661341253	-79.004985722	687.4			
T	37.618214305	-79.097843114	761.0			
T	37.603732515	-79.116485197	1032.4			
T	37.278758251	-79.297909354	828.0			
T	37.219749397	-79.200587367	875.5			
T	37.239008592	-79.169803670	808.7			
T	37.220641146	-79.347345680	751.6			
T	37.187288821	-79.494267306	715.7			
T	37.167951959	-79.524927487	743.6			
T	37.191341775	-79.329253608	635.3			
T	37.195884866	-79.274193725	549.8			
T	37.124113313	-79.512986728	757.2			
T	37.109683090	-79.555792185	962.5			
T	37.156560692	-79.213447070	705.0			
T	37.070432340	-79.476718575	780.5			
T	37.127273006	-79.201504239	607.7			
T	37.146354478	-79.146298677	718.0			
T	37.103300962	-79.256718024	611.2			
T	37.093719575	-79.281233756	590.1			
T	37.169939780	-79.048173723	704.5			
T	37.131428769	-79.103660261	641.1			
T	37.088455322	-79.220203843	628.5			
T	37.112141460	-79.128317625	629.5			
T	37.082930102	-79.128626006	596.5			
T	37.035152450	-79.257337043	818.8			
T	37.063121923	-79.086078818	439.4			
T	37.020043506	-79.184238058	635.3			
T	37.043397756	-79.055760371	481.7			
T	36.996247734	-79.263791803	838.3			
T	37.001348415	-79.300346674	947.5			
T	37.012591709	-79.623364514	806.1			
T	37.022861260	-79.848807048	1061.4			
T	37.047087226	-79.787810553	1005.6			
T	37.065935143	-79.568231935	812.3			
T	37.022747046	-79.781779686	1119.1			
T	37.022833119	-79.830527712	986.6			
T	37.084647498	-79.397297828	666.2			
T	37.098913851	-79.336139717	718.9			
T	36.998263583	-79.714830085	1002.7			
T	36.984004261	-79.903686014	1105.2			
T	37.022823751	-79.824434481	1065.4			
T	37.042132343	-79.745155394	895.3			
T	37.037493802	-79.879251298	985.4			
T	37.037518118	-79.903626001	1159.2			
T	37.047209308	-80.183845945	2696.0			
T	37.071177322	-80.324137588	2487.9			
T	37.090556080	-80.348613752	1832.9			
T	37.090762444	-80.281505100	2012.7			
T	37.075844010	-80.385130058	2058.2			
T	37.069800160	-80.641277614	1886.2			
T	37.071316087	-80.275356845	2223.5			
T	37.065786492	-80.470451459	2053.2			
T	37.065887431	-80.446057795	2019.0			
T	37.129513113	-80.330500877	1942.1			
T	37.387045131	-80.398995670	2923.5			
T	37.445341213	-80.411510475	2181.8			
T	37.128376042	-80.605135385	1959.1			
T	37.143065865	-80.586927280	1939.1			
T	37.372094458	-80.490636835	2414.4			
T	37.449822759	-80.503336613	3002.0			
T	37.176530619	-80.691096146	1971.8			
T	37.386308666	-80.576546578	3178.2			
T	37.415537509	-80.564471565	2602.9			
T	37.542023720	-80.565577792	2058.3			
T	37.249200157	-80.740605728	2174.4			
T	37.395672743	-80.650254577	2581.3			
T	37.497805186	-80.657326805	2114.3			
T	37.287796869	-80.789827219	3267.1			
T	37.570749952	-80.664144919	2035.9			
T	37.473097323	-80.724606214	2166.4			
T	37.536628252	-80.676113597	1852.4			
T	37.624483836	-80.621603673	1880.4			
T	37.570936355	-80.627273911	2445.9			
T	37.653934046	-80.566516773	2373.1			
T	37.283478564	-80.704320169	1751.7			
T	37.483656070	-80.558893789	2663.2			
T	37.503093602	-80.565217022	2504.1			
T	37.317843715	-80.649568018	1749.0			
T	37.239908134	-80.667242060	2139.4			
T	37.415717299	-80.521515596	3708.1			
T	37.265840489	-80.270050949	1468.1			
T	37.421748462	-79.890936735	1448.3			
T	37.504388904	-79.823386980	1277.2			
T	37.266131199	-80.086728460	1520.4			
T	37.430867446	-79.596976178	2608.7			
T	37.392501450	-79.811393126	1483.6			
T	37.236947335	-79.891177364	1092.7			
T	37.333409640	-79.536231179	933.5			
T	37.450176063	-79.547818053	1429.1			
T	37.445386370	-79.572377402	2574.3			
T	37.270704584	-79.707753408	1112.4			
T	37.415773884	-79.449896143	829.8			
T	37.309730811	-79.762667359	1114.3			
T	37.376566084	-79.388918924	890.8			
T	37.454223379	-79.351519521	1078.6			
T	37.275391117	-79.640487100	782.6			
T	37.357104260	-79.389071674	784.9			
T	37.449056508	-79.296379080	908.3			
T	37.275193517	-79.579337683	854.4			
T	37.231000268	-79.475647187	882.0			
T	37.351883646	-79.321749500	795.0			
T	37.187485004	-79.543136209	733.3			
T	37.332454564	-79.328039731	795.4			
T	37.371607132	-79.370581672	821.7			
T	37.187857114	-79.653089661	975.7			
T	37.347151065	-79.346284326	690.1			
T	37.381274463	-79.358252352	902.9			
T	37.221839273	-79.628501631	825.1			
T	37.260419687	-79.530491261	892.1			
T	37.274917666	-79.505946883	839.8			
T	37.410201581	-79.308987888	886.3			
T	37.410681556	-79.400908590	891.3			
T	37.328678307	-79.572971143	983.7			
T	37.342997938	-79.499429655	867.9			
T	37.347764716	-79.474887826	868.0			
T	37.429523087	-79.284296274	866.7			
T	37.391280255	-79.413310505	896.7			
T	37.372013761	-79.456332576	855.2			
T	37.443722627	-79.216664008	741.0			
T	37.405336250	-79.309030729	894.6			
T	37.323362176	-79.456671540	826.5			
T	37.361476351	-79.297167098	806.5			
T	37.385517912	-79.247912072	850.7			
T	37.298868209	-79.420124243	762.7			
T	37.274762570	-79.469247532	670.1			
T	37.376038171	-79.290910540	755.6			
T	37.404981700	-79.247725111	709.3			
T	37.255274009	-79.463255481	875.4			
T	37.293758874	-79.371210136	833.9			
T	37.380385723	-79.205034475	731.9			
T	37.274390300	-79.389719064	742.1			
T	37.260001224	-79.432645228	759.5			
T	37.404981700	-79.247725111	709.3			
T	37.323388803	-79.462798446	806.0			
T	37.231605847	-79.640679242	858.5			
T	37.396116194	-79.407146416	873.3			
T	37.391309601	-79.419436786	745.6			
T	37.188273919	-79.860714045	1794.6			
T	37.212492357	-79.787376560	861.8			
T	37.381842608	-79.480789429	860.4			
T	37.285221249	-79.677134726	988.0			
T	37.270704584	-79.707753408	1112.4			
T	37.173724586	-79.903467777	1369.5			
T	37.280179063	-79.616008640	791.5			
T	37.222058021	-79.707930074	957.3			
T	37.091069512	-79.976733301	1374.1			
T	37.260681022	-79.603866205	984.7			
T	37.289808237	-79.585386561	923.0			
T	37.139710901	-79.988926591	1265.6			
T	37.163929826	-79.842443252	1064.0			
T	37.188147973	-79.775228010	869.0			
T	37.241689434	-79.793409976	824.0			
T	37.227150099	-79.830102940	911.3			
T	37.076440797	-80.165596877	2740.9			
T	37.120198909	-79.885230547	1099.9			
T	37.182991939	-79.653110528	928.8			
T	37.129593101	-79.696061172	956.9			
T	37.239455243	-79.237092948	776.1			
T	37.119459514	-79.567942152	972.9			
T	37.123702076	-79.421427164	721.6			
T	37.180560452	-79.164293668	686.7			
T	37.142198382	-79.250247718	617.4			
T	37.070350428	-79.458421676	732.1			
T	37.070047840	-79.397407424	606.0			
T	37.107927055	-79.220020525	623.3			
T	37.088815587	-79.275169591	750.8			
T	37.041179381	-79.464715116	779.4			
T	37.069384062	-79.281447857	718.1			
T	37.074095279	-79.256981966	797.3			
T	37.097672241	-79.146802033	669.8			
T	37.036044626	-79.409862150	966.6			
T	37.031332072	-79.440391787	805.4			
T	37.002353901	-79.489348790	646.0			
T	37.030162676	-79.239072746	792.7			
T	37.029868153	-79.196348357	650.7			
T	36.973126960	-79.483442732	767.5			
T	37.005568309	-79.202690287	680.2			
T	36.963196337	-79.440866220	804.8			
T	36.958704351	-79.526167928	668.7			
T	36.995428140	-79.147871556	664.8			
T	36.933453554	-79.343587737	783.1			
T	36.914459750	-79.429022551	864.6			
T	36.927920733	-79.240027470	580.9			
T	36.956285613	-79.123880596	532.7			
T	36.913906301	-79.331561433	698.3			
T	36.917746473	-79.179165694	543.3			
T	36.955792564	-79.062876850	602.1			
T	36.946918100	-79.172773577	502.4			
T	36.948469791	-79.416597847	904.9			
T	36.957721696	-79.331201202	862.8			
T	36.962045861	-79.245806389	658.6			
T	36.958172779	-79.410434134	946.1			
T	36.976222993	-79.184677681	658.6			
T	36.999821411	-79.086788878	550.7			
T	36.967458368	-79.331121362	872.0			
T	36.967194224	-79.288445132	737.9			
T	37.004739935	-79.092838494	603.3			
T	37.049469203	-79.214471799	662.6			
T	37.117323404	-79.171045023	714.9			
T	37.000656355	-79.196636376	631.1			
T	37.126837396	-79.140387921	610.0			
T	36.995474132	-79.153973736	650.9			
T	37.039016683	-79.116884188	608.1			
T	37.213753911	-79.047667911	704.5			
T	37.029231091	-79.110884423	577.4			
T	37.150613481	-79.066749806	728.7			
T	37.029038039	-79.086461267	550.8			
T	37.072663428	-79.061531242	542.7			
T	37.198950013	-79.023351611	593.2			
T	37.033557011	-79.043659262	480.4			
T	37.145292318	-79.011758728	590.5			
T	37.067280436	-79.000487539	504.0			
T	37.110999155	-78.987719473	589.0			
T	37.136528130	-79.134173654	637.0			
T	37.109705925	-79.561894103	986.7			
T	37.109956015	-79.635118455	921.1			
T	37.108395681	-79.293314687	603.8			
T	37.103300962	-79.256718024	611.2			
T	37.081043938	-79.738935395	1014.2			
T	37.071366339	-79.763357527	955.4			
T	37.079997027	-79.440052409	823.0			
T	37.081196739	-79.818213417	957.7			
T	37.076470260	-79.958448944	1124.8			
T	37.066582096	-79.806050915	925.1			
T	37.075576221	-79.543782950	890.2			
T	37.090473856	-79.629105959	805.6			
T	37.100810212	-80.007212628	2143.6			
T	37.056818249	-79.787785401	967.7			
T	37.080938637	-79.696243318	793.2			
T	37.081071078	-79.751132632	1046.5			
T	37.076268437	-79.781637089	889.3			
T	37.076502527	-80.043766565	1331.4			
T	37.056806714	-79.781689010	943.1			
T	37.052157538	-79.982835854	1253.0			
T	37.027870826	-80.074175798	1391.2			
T	37.037506562	-79.891438776	991.6			
T	37.056908141	-79.842650429	954.2			
T	37.066776735	-80.055943078	1306.2			
T	37.061846960	-79.909693618	1152.5			
T	37.061737270	-79.818255075	872.9			
T	37.052100921	-79.891419870	1121.9			
T	37.042458930	-80.049834418	1337.4			
T	37.047266606	-79.927991937	1129.6			
T	37.061491362	-79.702413670	950.9			
T	37.047321227	-80.043747907	1275.7			
T	37.042431004	-80.128995915	2562.4			
T	37.047223569	-79.879237096	1094.4			
T	37.052135097	-79.934082318	1095.7			
T	37.061781563	-80.196061153	2522.4			
T	37.047096497	-80.232617405	2500.2			
T	37.037525001	-80.159451776	2554.1			
T	37.066741582	-79.958453258	1197.3			
T	37.056698345	-80.281421309	2460.9			
T	37.046553782	-80.415454710	2254.3			
T	37.037064306	-80.348350314	2400.0			
T	37.056617217	-80.311893718	2372.3			
T	37.080014170	-80.549842937	1948.8			
T	37.094451661	-80.580465127	1746.5			
T	37.104793601	-80.446298315	2150.9			
T	37.074593433	-80.653525075	1987.1			
T	37.158218939	-80.464934071	1926.7			
T	37.049932142	-80.708238533	1907.9			
T	37.225995659	-80.538639225	1851.7			
T	37.376694066	-80.551941260	3540.2			
T	37.098471651	-80.726980541	2081.6			
T	37.225556543	-80.624276644	1921.9			
T	37.386280603	-80.582682471	3202.6			
T	37.259261374	-80.685781540	1984.4			
T	37.107881850	-80.775907165	2133.7			
T	37.356791345	-80.643781788	2544.6			
T	37.376312887	-80.631690257	3894.6			
T	37.449238655	-80.638422686	2381.6			
T	37.215076058	-80.752454584	1911.4			
T	37.303047206	-80.686184845	1754.1			
T	37.541777158	-80.620874551	2280.4			
T	37.526995473	-80.657595850	1684.2			
T	37.634246985	-80.615545264	1944.7			
T	37.731575639	-80.616431697	2056.6			
T	37.746533574	-80.536521480	1647.9			
T	37.742348002	-80.308722457	2823.9			
T	37.698250429	-80.425369070	2473.7			
T	37.698774419	-80.216324624	1688.1			
T	37.693986426	-80.173290065	2486.4			
T	37.693869697	-80.234742333	2313.1			
T	37.693692520	-80.302325480	2975.8			
T	37.688708747	-80.345319649	2762.0			
T	37.683332298	-80.517544261	2086.2			
T	37.703588984	-80.240926723	2293.9			
T	37.713491940	-80.148760771	3072.6			
T	37.698345539	-80.388445544	2800.7			
T	37.693221484	-80.474552679	1955.1			
T	37.697932777	-80.517659917	1958.2			
T	37.732802308	-80.234894582	2167.8			
T	37.727537486	-80.394790250	2739.3			
T	37.712830390	-80.431619389	2328.8			
T	37.708395355	-80.265529113	2935.1			
T	37.688721237	-80.339168393	2761.9			
T	37.673622531	-80.511315593	2142.6			
T	37.664362607	-80.351327958	2557.3			
T	37.669674996	-80.160931244	2045.9			
T	37.664438161	-80.320598910	2487.2			
T	37.640126674	-80.314329409	2697.3			
T	37.630465607	-80.289727642	2378.8			
T	37.616382153	-79.902969580	1159.5			
T	37.606467155	-80.136213127	3524.7			
T	37.606215645	-80.265080116	2386.4			
T	37.567631160	-80.074791482	1629.4			
T	37.581952601	-79.694335001	2619.8			
T	37.548244878	-79.945981227	1403.6			
T	37.504393198	-80.062432059	1461.7			
T	37.499175302	-79.670167754	1647.9			
T	37.508766638	-79.627226080	1264.6			
T	37.275783451	-80.153973095	1319.6			
T	37.183280411	-80.214782938	1802.3			
T	37.280757742	-79.946141010	1002.3			
T	37.484600279	-79.676360168	2547.1			
T	37.207339657	-80.324762764	2405.6			
T	37.373157086	-79.976665633	1441.3			
T	37.441188431	-80.037863222	1702.4			
T	37.426591321	-80.068469267	2798.8			
T	37.314590763	-80.215155474	1730.8			
T	37.533644514	-79.988912688	2240.2			
T	37.538390349	-80.111522104	2325.8			
T	37.484769839	-80.209476202	1942.3			
T	37.470151318	-80.227818673	2673.2			
T	37.358258333	-80.258068469	1876.8			
T	37.519004207	-80.044068047	1690.2			
T	37.348670809	-80.190758855	2337.3			
T	37.543381174	-79.964383772	1647.2			
T	37.329295705	-80.141811395	1896.1			
T	37.368213493	-80.123503915	1838.7			
T	37.523886447	-80.025687355	1413.9			
T	37.329272045	-80.160155618	1741.5			
T	37.572565216	-80.013464688	1152.8			
T	37.324449038	-80.129576302	2962.2			
T	37.280655742	-80.147867233	1211.0			
T	37.577450951	-79.945970821	1912.1			
T	37.519047639	-79.970516295	1636.9			
T	37.499583694	-79.976644535	1355.9			
T	37.363432717	-79.982788183	1355.1			
T	37.562743568	-79.798707392	1507.7			
T	37.363299299	-79.799221183	1365.8			
T	37.382696052	-79.768572496	1506.1			
T	37.547520608	-79.565642590	2008.0			
T	37.333681696	-79.615781755	867.5			
T	37.454766403	-79.468027246	898.9			
T	37.561189784	-79.332144541	894.2			
T	37.279492377	-79.438620513	754.9			
T	37.235701980	-79.438936346	841.1			
T	37.478081158	-79.265410893	918.4			
T	37.400435935	-79.302945904	948.3			
T	37.381042664	-79.315371075	890.5			
T	37.274296146	-79.371366990	830.1			
T	37.521708149	-79.234248563	799.6			
T	37.541142633	-79.227895392	1150.1			
T	37.356610532	-79.297210703	876.9			
T	37.516947977	-79.252727483	851.0			
T	37.322984070	-79.377095954	769.4			
T	37.594655586	-79.221167004	1230.5			
T	37.356680622	-79.309459179	825.6			
T	37.545862601	-79.203261141	1558.7			
T	37.381143969	-79.333748996	798.8			
T	37.352049150	-79.352367344	814.1			
T	37.225970678	-79.439006567	834.6			
T	37.604568907	-79.251811476	890.5			
T	37.434424340	-79.290382262	890.0			
T	37.215638387	-79.322933503	742.1			
T	37.482187634	-79.142544705	810.7			
T	37.477152148	-79.118033718	916.9			
T	37.185722063	-79.207044226	830.3			
T	37.413561373	-79.075838554	561.3			
T	37.471746089	-79.044397120	680.6			
T	37.253304825	-79.126818016	895.8			
T	37.461962020	-79.038385349	586.6			
T	37.379441227	-79.070132860	667.6			
T	37.185598133	-79.188705035	805.0			
T	37.505964903	-79.062378707	829.9			
T	37.200157143	-79.182441251	762.8			
T	37.578679265	-79.018362420	664.8			
T	37.612723093	-79.011734009	702.7			
T	37.205349929	-79.231306727	687.0			
T	37.389795748	-79.155864469	734.2			
T	37.375895795	-79.266398397	821.5			
T	37.178618301	-79.982825636	1255.9			
T	37.159102176	-80.141430227	2636.7			
T	37.139323308	-79.696024731	940.7			
T	37.129973558	-80.110858269	2764.6			
T	37.066745925	-79.970643897	1177.9			
T	37.081084418	-79.757231028	990.6			
T	37.076496705	-80.098589178	2298.0			
T	37.057044065	-80.104651834	2430.7			
T	37.047075262	-79.781715000	989.6			
T	37.032694005	-79.970653821	1184.2			
T	37.066163201	-79.635314498	854.9			
T	37.071366339	-79.763357527	955.4			
T	37.047274069	-79.940179957	1168.6			
T	37.071067435	-79.647490852	847.6			
T	37.081000610	-79.720639118	879.4			
T	37.090960857	-80.202209340	1874.6			
T	37.120187746	-80.165714643	2665.5			
T	37.080324796	-80.482746090	2038.9			
T	37.090634258	-80.324212266	2020.6			
T	37.100002866	-80.427965351	2041.5			
T	37.084691506	-80.586490620	1990.8			
T	37.109705324	-80.434125324	2202.9			
T	37.128472120	-80.586819562	1792.9			
T	37.192289302	-80.459029712	2279.5			
T	37.465316100	-80.209409212	2456.1			
T	37.450697560	-80.227746554	2573.0			
T	37.177548743	-80.495562243	1834.9			
T	37.158724451	-80.318437982	1876.9			
T	37.460622210	-79.841869119	1239.9			
T	37.271035651	-79.988935435	975.8			
T	37.503752226	-79.572043820	2391.6			
T	37.426558582	-79.823564604	1577.9			
T	37.266171310	-79.982824901	1057.4			
T	37.454941179	-79.517116446	1828.2			
T	37.285628357	-79.988930898	1039.0			
T	37.392029910	-79.615533994	1011.7			
T	37.479222845	-79.504685511	1530.0			
T	37.309941533	-79.952233591	1070.1			
T	37.386909090	-79.535926456	817.9			
T	37.372861100	-79.719652090	946.9			
T	37.285268173	-79.695477263	1129.8			
T	37.294916962	-79.664869864	985.3			
T	37.440170318	-79.468129647	865.2			
T	37.441134473	-79.811280139	1344.9			
T	37.305076213	-79.946122352	1047.0			
T	37.426038280	-79.609259191	2882.9			
T	37.484277915	-79.566021614	3174.2			
T	37.358300800	-79.731937048	1660.5			
T	37.493933986	-79.541418123	3191.5			
T	37.523045175	-79.516678912	3109.7			
T	37.348505345	-79.701380396	1350.2			
T	37.329110588	-79.725912974	1151.1			
T	37.285456063	-79.787188201	1050.5			
T	37.426164810	-79.652129025	2067.2			
T	37.222326367	-79.860653209	987.2			
T	37.319091678	-79.615843733	941.5			
T	37.319013489	-79.591371723	920.1			
T	37.537384035	-79.442873940	1685.8			
T	37.576229126	-79.424160912	1789.1			
T	37.605346994	-79.405493082	854.1			
T	37.629651283	-79.399151327	2151.8			
T	37.663626627	-79.380432506	1818.6			
T	37.401500036	-79.535839554	948.1			
T	37.357814746	-79.560592255	866.2			
T	37.134442095	-79.689939794	946.2			
T	37.153852982	-79.671550964	811.9			
T	37.464258896	-79.412756914	879.8			
T	37.372160895	-79.493113411	893.4			
T	37.211968423	-79.585773895	811.3			
T	37.469209563	-79.431115762	1314.3			
T	37.707330744	-79.361615425	1142.4			
T	37.459805284	-79.517085361	1501.0			
T	37.081084418	-79.757231028	990.6			
T	37.061660042	-79.775579364	852.2			
T	37.071340027	-79.751162123	987.5			
T	37.464450243	-79.455681671	926.2			
T	37.585794906	-79.387221137	1004.4			
T	37.240958073	-79.530605183	839.5			
T	37.459245270	-79.382136761	1969.9			
T	37.488347903	-79.363492670	1475.9			
T	37.595198464	-79.319534948	1057.7			
T	37.240809699	-79.493923051	769.0			
T	37.216507553	-79.500188715	878.4			
T	37.565961232	-79.313668271	909.2			
T	37.396145968	-79.413273830	815.3			
T	37.124233819	-79.543503226	865.0			
T	37.410466484	-79.358013496	911.5			
T	37.604704238	-79.276409856	953.3			
T	37.347492741	-79.413639815	773.3			
T	37.095063841	-79.549774117	877.4			
T	37.526957379	-79.301759648	806.9			
T	37.396056692	-79.394893261	1026.0			
T	37.027232083	-79.635488361	790.0			
T	37.609672076	-79.294805134	992.1			
T	36.993513445	-79.763582463	977.7			
T	37.318795654	-79.530186444	1046.5			
T	37.377048705	-79.499211539	911.8			
T	37.279949065	-79.548735303	1141.9			
