type	latitude	longitude	altitude (m)	color	opacity	width	name	desc	kml_folder
T	37.362037461	-80.613304508	1079.5	#ff0000	1.00	2	Untitled Path		Untitled Path.kml
T	37.324455770	-80.718641030	552.2						
T	37.214214168	-80.747727048	583.0						
T	37.189977937	-80.749126343	640.7						
T	37.138671074	-80.749234381	622.6						
T	37.122478292	-80.745218954	626.3						
T	37.147453440	-80.717923202	607.4						
T	37.267125190	-80.661600955	633.5						
T	37.303253129	-80.648518867	504.0						
T	37.325957844	-80.639872944	516.0						
T	37.343371582	-80.632195412	625.9						
T	37.315371633	-80.647635420	486.8						
T	37.245926112	-80.681510424	572.9						
T	37.189878983	-80.699755344	748.0						
T	37.101644619	-80.726330942	645.0						
T	37.064021172	-80.734910735	603.8						
T	37.057080117	-80.735437559	598.2						
T	37.070886133	-80.729611250	632.9						
T	37.127470518	-80.712671850	641.7						
T	37.231395830	-80.683239152	657.6						
T	37.276184353	-80.671313357	566.0						
T	37.310847037	-80.659610322	561.3						
T	37.330502933	-80.655017229	624.0						
T	37.338768540	-80.653948122	655.1						
T	37.264806286	-80.689195245	587.3						
T	37.216672115	-80.704139102	682.0						
T	37.173869249	-80.717460346	634.5						
T	37.133765609	-80.727898666	627.3						
T	37.128768302	-80.728693456	626.2						
T	37.147453440	-80.717923202	607.4						
T	37.205368146	-80.695767530	677.4						
T	37.264433088	-80.669390797	627.8						
T	37.289299160	-80.655963495	639.2						
T	37.271547574	-80.661808513	613.2						
T	37.166894503	-80.698239774	602.8						
T	37.105267995	-80.713353874	640.4						
T	37.095598055	-80.714991447	633.5						
T	37.090753379	-80.713398000	641.9						
T	37.116285206	-80.694778101	643.1						
T	37.196404483	-80.650740727	610.8						
T	37.221094953	-80.638906950	578.4						
T	37.233858977	-80.628944879	665.2						
T	37.136325235	-80.659279338	620.6						
T	37.107817045	-80.667592301	646.9						
T	37.081344304	-80.672137908	640.7						
T	37.067307262	-80.672529570	596.1						
T	37.059429750	-80.670920513	611.9						
T	37.073359643	-80.656281467	606.2						
T	37.123952311	-80.630613124	611.9						
T	37.197539640	-80.598657489	508.4						
T	37.216513138	-80.589928333	594.4						
T	37.225809311	-80.588717363	614.4						
T	37.201802862	-80.610188758	512.9						
T	37.142736095	-80.644787230	610.6						
T	37.096870985	-80.668208705	632.7						
T	37.033063609	-80.693750012	620.4						
T	37.017563177	-80.700696146	640.0						
T	37.043408618	-80.693337357	587.4						
T	37.106581781	-80.671152214	657.0						
T	37.160680655	-80.649239340	565.1						
T	37.267128255	-80.603570483	501.7						
T	37.293065117	-80.590609937	578.4						
T	37.308845366	-80.584020629	601.9						
T	37.231993260	-80.621150792	573.9						
T	37.176444785	-80.644876749	567.6						
T	37.122561577	-80.665937949	635.2						
T	37.067330942	-80.685537650	631.3						
T	37.025275025	-80.696661318	644.7						
T	36.984869064	-80.704946661	631.1						
T	36.976460884	-80.703160025	695.7						
T	36.989321961	-80.690647199	611.6						
T	37.034324579	-80.663695505	562.1						
T	37.075641673	-80.639754255	603.6						
T	37.126474767	-80.611132900	603.2						
T	37.241022349	-80.539415432	653.7						
T	37.333955351	-80.477710045	627.0						
T	37.366919213	-80.449943322	921.8						
T	37.366168737	-80.441725256	1108.5						
T	37.278882988	-80.480403778	689.5						
T	37.239673405	-80.503040069	673.2						
T	37.146772520	-80.548495348	521.0						
T	37.108231786	-80.570807816	632.4						
T	37.076798616	-80.582737246	527.3						
T	37.045297564	-80.600067473	611.6						
T	37.039470712	-80.603460798	667.0						
T	37.063998612	-80.594468487	619.8						
T	37.163467977	-80.555756932	524.3						
T	37.219639557	-80.535918930	569.0						
T	37.310374113	-80.500390622	575.5						
T	37.365969676	-80.477670049	904.5						
T	37.385648921	-80.473847815	659.3						
T	37.388963914	-80.473683021	664.6						
T	37.378112099	-80.485417434	713.2						
T	37.292033510	-80.547869794	752.6						
T	37.243707431	-80.579745411	593.0						
T	37.167295330	-80.624509021	600.4						
T	37.104241352	-80.652917806	623.1						
T	37.073236657	-80.668130621	624.2						
T	37.066151858	-80.668919757	617.0						
T	37.070987820	-80.657351261	627.9						
T	37.117809301	-80.612165995	619.5						
T	37.147941919	-80.588079456	589.9						
T	37.173866296	-80.568210675	566.2						
T	37.195203470	-80.550373355	555.5						
T	37.219602021	-80.532060293	550.5						
T	37.192569399	-80.556746247	549.0						
T	37.145375485	-80.594236255	590.8						
T	37.119037206	-80.614627922	616.3						
T	37.059239158	-80.661480551	566.1						
T	37.038632292	-80.679024318	594.1						
T	37.017555497	-80.699546213	645.6						
T	37.015424525	-80.709718043	641.3						
T	37.019848706	-80.714679760	632.4						
T	37.027625047	-80.715333305	646.7						
T	37.078948695	-80.696991845	635.6						
T	37.142663262	-80.658350696	613.2						
T	37.192209906	-80.611260783	544.2						
T	37.213840058	-80.586057785	572.8						
T	37.228654749	-80.566771782	632.4						
T	37.238503182	-80.548549465	661.1						
T	37.243677137	-80.538068757	688.2						
T	37.245492145	-80.528899273	581.6						
T	37.239270067	-80.519963008	621.3						
T	37.227827200	-80.520250888	586.7						
T	37.141646232	-80.549799110	542.5						
T	37.081490152	-80.576803050	530.5						
T	37.034017793	-80.595253085	636.0						
T	37.021649038	-80.598542676	634.1						
T	37.013934078	-80.598426584	661.2						
T	37.089549717	-80.546887796	614.1						
T	37.131524125	-80.525404796	528.4						
T	37.176376807	-80.497813743	599.6						
T	37.209436440	-80.478561550	616.2						
T	37.254573170	-80.452741185	625.3						
T	37.266548269	-80.447996863	692.0						
T	37.239736660	-80.467930697	584.8						
T	37.149355796	-80.524925889	526.2						
T	37.066357407	-80.570863175	613.7						
T	37.035240816	-80.585988518	615.5						
T	36.997844033	-80.602698711	745.6						
T	36.987980831	-80.605897232	779.3						
T	37.035367805	-80.574385678	621.6						
T	37.061729028	-80.557904211	576.4						
T	37.156623917	-80.499879126	539.5						
T	37.192844713	-80.476889109	623.4						
T	37.231611811	-80.454121325	599.4						
T	37.261030713	-80.433874229	599.4						
T	37.293768517	-80.414175303	718.1						
T	37.304657712	-80.407868900	713.3						
T	37.283944365	-80.421588088	692.2						
T	37.183778728	-80.489963687	677.5						
T	37.091953995	-80.544453685	619.0						
T	37.031995994	-80.575541444	605.5						
T	37.000498146	-80.587991244	674.8						
T	36.999374595	-80.587980620	674.1						
T	37.053716301	-80.555627716	606.5						
T	37.135018026	-80.506892132	595.9						
T	37.223341737	-80.452060409	633.5						
T	37.265451711	-80.424317441	638.7						
T	37.316018045	-80.389247481	593.2						
T	37.330127796	-80.379863428	775.0						
T	37.338997230	-80.374931547	956.9						
T	37.309175166	-80.396702144	649.6						
T	37.159227698	-80.501017888	593.8						
T	37.087211085	-80.542138945	623.7						
T	37.064025124	-80.554343627	548.7						
T	37.042227457	-80.565068359	572.4						
T	37.062873613	-80.554355974	549.6						
T	37.116348680	-80.528248877	600.5						
T	37.201106693	-80.484089462	593.7						
T	37.271972488	-80.446346349	718.5						
T	37.297536119	-80.433903089	673.7						
T	37.323995406	-80.425274989	744.3						
T	37.332937604	-80.427241488	619.0						
T	37.331070907	-80.434218761	617.6						
T	37.248009189	-80.530153815	628.9						
T	37.176428668	-80.588314747	584.9						
T	37.146591242	-80.609086577	585.0						
T	37.107960399	-80.636149370	601.8						
T	37.097036488	-80.642975714	621.6						
T	37.152959150	-80.612934973	619.5						
T	37.280428763	-80.540055304	679.9						
T	37.323413261	-80.513506787	632.1						
T	37.382058581	-80.472641752	661.6						
T	37.404308513	-80.458773634	667.3						
T	37.341390460	-80.496543140	661.9						
T	37.241202140	-80.556321747	737.0						
T	37.083913517	-80.637683230	612.3						
T	37.010884820	-80.664722428	636.7						
T	36.991060155	-80.671518471	644.5						
T	36.977913685	-80.674061124	720.6						
T	36.973507829	-80.674989972	723.2						
T	37.041085992	-80.646587808	615.6						
T	37.072139279	-80.634878951	590.9						
T	37.162024124	-80.599418199	605.0						
T	37.239376276	-80.566736651	772.6						
T	37.284225304	-80.549306477	839.1						
T	37.298536270	-80.545098548	623.9						
T	37.308368814	-80.542251004	599.0						
T	37.249472292	-80.581072707	694.0						
T	37.215220487	-80.598901394	599.8						
T	37.160725768	-80.625567546	621.3						
T	37.121441575	-80.642722927	615.9						
T	37.086159236	-80.658075109	628.1						
T	37.060557465	-80.667448611	562.1						
T	37.042051507	-80.672248848	630.9						
T	37.029844652	-80.673868879	562.1						
T	37.101907222	-80.627494122	601.8						
T	37.191413541	-80.574500421	508.9						
T	37.263843493	-80.527195559	748.8						
T	37.291377848	-80.510480425	676.8						
T	37.317393914	-80.493382809	614.5						
T	37.321764482	-80.487787681	634.1						
T	37.283978336	-80.506729575	686.0						
T	37.183255150	-80.560614196	514.6						
T	37.112037699	-80.597492688	541.2						
T	37.079261101	-80.610133977	574.9						
T	37.073371813	-80.611195653	563.5						
T	37.092219920	-80.602010070	598.5						
T	37.171270265	-80.560696635	515.9						
T	37.240622968	-80.522527607	634.2						
T	37.277452308	-80.504326190	773.4						
T	37.286677603	-80.501318910	667.5						
T	37.265883947	-80.517910967	713.1						
T	37.214261540	-80.552704214	553.6						
T	37.139014601	-80.600317947	598.6						
T	37.080370518	-80.635170753	617.7						
T	37.045547820	-80.651444654	602.5						
T	37.036589633	-80.656848553	563.5						
T	37.115315693	-80.629120960	604.9						
T	37.171052969	-80.609571845	564.6						
T	37.220880350	-80.602844171	599.7						
T	37.229111069	-80.605559075	557.4						
T	37.207513454	-80.633321905	605.9						
T	37.149045503	-80.678462251	612.4						
T	37.123692307	-80.694063011	656.8						
T	37.106490836	-80.704988934	652.6						
T	37.095601555	-80.712589036	644.3						
T	37.088387314	-80.717997860	629.0						
T	37.177416772	-80.685133638	632.7						
T	37.255821687	-80.650599813	772.0						
T	37.321241939	-80.619361246	580.7						
T	37.339745750	-80.610180821	750.9						
T	37.356097261	-80.603575221	783.0						
T	37.334548743	-80.612834300	687.9						
T	37.271187739	-80.644594769	608.2						
T	37.194704027	-80.676035529	655.6						
T	37.132448269	-80.698337878	632.6						
T	37.101636933	-80.707039078	645.3						
T	37.093153757	-80.706391409	648.5						
T	37.102857121	-80.699893766	640.8						
T	37.177939655	-80.661299035	545.0						
T	37.205982863	-80.647316079	625.1						
T	37.267861893	-80.615439217	707.1						
T	37.302633692	-80.600106286	541.9						
T	37.310444990	-80.594822427	554.7						
T	37.248813874	-80.626802780	562.8						
T	37.222363138	-80.638947004	545.3						
T	37.146443903	-80.675834564	609.4						
T	37.121225739	-80.686583462	639.1						
T	37.094340271	-80.698075976	661.8						
T	37.089505779	-80.698925887	652.0						
T	37.104080989	-80.689117109	643.3						
T	37.147719156	-80.666010378	620.7						
T	37.172496840	-80.652247208	590.7						
T	37.241935759	-80.613595794	678.9						
T	37.283581721	-80.587859566	690.7						
T	37.294648457	-80.582599697	577.2						
T	37.299424446	-80.578601525	548.6						
T	37.263298253	-80.595618650	578.9						
T	37.222626837	-80.610611884	513.7						
T	37.123899900	-80.646480272	613.1						
T	37.100608810	-80.652754255	627.6						
T	37.072104992	-80.655030554	621.0						
T	37.062744715	-80.653408272	593.3						
T	37.050144453	-80.642292236	567.4						
T	37.051267161	-80.621251846	562.1						
T	37.091856004	-80.556444913	626.0						
T	37.117646765	-80.533080783	576.6						
T	37.182388297	-80.469856613	647.1						
T	37.260972728	-80.399690616	654.5						
T	37.273831828	-80.389271918	677.2						
T	37.282521268	-80.377810548	653.6						
T	37.198442950	-80.432063989	654.4						
T	37.151367198	-80.464143788	591.2						
T	37.080161443	-80.508912406	610.6						
T	37.020990626	-80.543301368	601.2						
T	36.984666593	-80.564225108	709.6						
T	36.977028393	-80.567624989	669.0						
T	36.972700592	-80.569871751	774.2						
T	37.003917559	-80.558421564	736.0						
T	37.058249439	-80.534408871	606.1						
T	37.102787937	-80.514117841	640.9						
T	37.121163070	-80.504970899	598.0						
T	37.143857879	-80.496689049	607.2						
T	37.150203204	-80.493943450	603.6						
T	37.160450605	-80.494742930	604.5						
T	37.163115477	-80.498367693	581.6						
T	37.163115477	-80.498367693	581.6						
T	37.161731855	-80.493441498	564.1						
T	37.169932473	-80.499325902	615.8						
T	37.177530664	-80.510351533	539.3						
T	37.178842045	-80.511565515	547.6						
T	37.163448129	-80.510821559	596.9						
T	37.150401974	-80.511274132	552.0						
T	37.181105303	-80.480006348	649.4						
T	37.239832500	-80.434106737	633.1						
T	37.307057888	-80.382139418	842.5						
T	37.323859286	-80.365389707	547.3						
T	37.223209636	-80.434029146	620.6						
T	37.123631201	-80.496332164	613.7						
T	37.089549599	-80.516954551	625.0						
T	37.060542049	-80.534357948	592.2						
T	37.041162413	-80.545273488	567.9						
T	37.021815330	-80.558259231	584.5						
T	37.082547438	-80.535063503	647.2						
T	37.159177819	-80.497287050	561.1						
T	37.231618652	-80.460595232	604.1						
T	37.260094745	-80.443210621	604.5						
T	37.290846617	-80.430430883	780.1						
T	37.297283917	-80.429920460	708.8						
T	37.268034239	-80.461181194	813.2						
T	37.220684454	-80.499861151	592.1						
T	37.188250358	-80.521366008	521.5						
T	37.146781493	-80.544784675	591.1						
T	37.114287316	-80.564727051	591.9						
T	37.069838163	-80.583883773	626.2						
T	37.059379230	-80.586173094	606.8						
T	37.053506702	-80.587300290	615.1						
T	37.113946938	-80.530735982	594.6						
T	37.141353881	-80.509122993	604.6						
T	37.175978185	-80.480257409	570.4						
T	37.210862660	-80.454153840	623.3						
T	37.256655623	-80.413205491	692.4						
T	37.269605813	-80.398910466	651.4						
T	37.183761009	-80.457157402	684.9						
T	37.095504458	-80.508355461	633.7						
T	37.063973138	-80.523660378	577.8						
T	37.027619724	-80.539718706	621.4						
T	37.018757673	-80.541042641	626.6						
T	37.020886623	-80.532948703	564.3						
T	37.037471895	-80.516291349	611.1						
T	37.076616183	-80.480512522	617.7						
T	37.102572299	-80.457441406	646.4						
T	37.168370863	-80.405519255	606.1						
T	37.201627704	-80.380783261	691.6						
T	37.208683120	-80.377460315	562.9						
T	37.132222063	-80.443225284	626.2						
T	37.076628505	-80.482888729	627.3						
T	37.030681267	-80.513048340	607.7						
T	37.018513954	-80.519222039	629.4						
T	37.011938277	-80.522865411	615.6						
T	37.031742138	-80.508381568	628.0						
T	37.074224126	-80.475893697	651.0						
T	37.102555642	-80.455031168	644.1						
T	37.199129663	-80.388659335	608.2						
T	37.226579250	-80.375578319	545.8						
T	37.216740786	-80.388201891	664.7						
T	37.146287586	-80.453319509	584.2						
T	37.025392781	-80.539762641	606.5						
T	36.961126918	-80.574326286	742.8						
T	36.953185447	-80.574321253	806.5						
T	36.969418856	-80.559857348	939.8						
T	37.084824806	-80.474109294	640.5						
T	37.157813029	-80.411486543	633.4						
T	37.230786431	-80.350698030	542.9						
T	37.252928267	-80.332226901	566.9						
T	37.120974703	-80.446481234	670.4						
T	37.028397571	-80.509664401	642.4						
T	36.989189494	-80.531452362	594.8						
T	36.944755666	-80.550166755	759.3						
T	36.935690712	-80.550296357	768.9						
T	36.979259903	-80.508157386	658.2						
T	37.050803561	-80.451455920	650.4						
T	37.127120046	-80.387326794	646.3						
T	37.155434491	-80.361941231	576.1						
T	37.190287800	-80.333678326	450.9						
T	37.200887628	-80.327223579	592.9						
T	37.150111372	-80.374985384	612.6						
T	37.054286811	-80.450031173	618.9						
T	37.024609622	-80.471786397	710.5						
T	37.007313208	-80.481928849	703.3						
T	36.989995367	-80.490784448	647.7						
T	37.058876909	-80.434406308	632.2						
T	37.148872133	-80.367682461	623.6						
T	37.224337512	-80.313963936	633.9						
T	37.238478270	-80.308080016	509.4						
T	37.234791417	-80.320409860	656.1						
T	37.160375723	-80.413753351	630.0						
T	37.090937559	-80.480944597	622.0						
T	37.066162240	-80.502333485	620.1						
T	37.099323678	-80.476893229	611.0						
T	37.144924194	-80.441062215	591.5						
T	37.216933905	-80.379160711	549.0						
T	37.250687562	-80.352070451	464.6						
T	37.280208457	-80.323484602	662.3						
T	37.309465960	-80.298177572	680.2						
T	37.342039461	-80.268851599	816.9						
T	37.348380761	-80.263738239	613.2						
T	37.331033791	-80.277380715	855.0						
T	37.246495088	-80.352548895	467.6						
T	37.160397529	-80.412502754	620.8						
T	37.122158431	-80.437863163	673.3						
T	37.092917523	-80.453275026	649.2						
T	37.070434463	-80.461912814	626.1						
T	37.046256331	-80.468128969	625.1						
T	37.038064284	-80.462842587	637.8						
T	37.037959056	-80.457048733	645.2						
T	37.062264915	-80.411739023	601.5						
T	37.114949240	-80.347229569	612.5						
T	37.168317545	-80.290296046	520.0						
T	37.188627264	-80.268038983	532.1						
T	37.218344813	-80.239950242	473.1						
T	37.233087684	-80.234555837	374.1						
T	37.229028692	-80.245631218	439.0						
T	37.196824775	-80.295939776	420.1						
T	37.171225447	-80.326192141	576.1						
T	37.088416759	-80.414050831	590.4						
T	37.014994576	-80.482654913	716.1						
T	36.984626519	-80.510192055	686.9						
T	36.952805651	-80.537918398	741.3						
T	36.946808366	-80.544640813	758.9						
T	36.972182561	-80.535272644	820.1						
T	37.022826874	-80.509873582	621.6						
T	37.055577701	-80.489857623	602.2						
T	37.146141602	-80.432323397	622.1						
T	37.222411365	-80.379886520	596.1						
T	37.250168257	-80.361356212	502.2						
T	37.281955796	-80.341850948	619.9						
T	37.287812320	-80.339819888	661.4						
T	37.238738834	-80.386052466	674.4						
T	37.152668628	-80.445451512	578.9						
T	37.068438859	-80.495144188	619.3						
T	37.016286551	-80.518146828	638.0						
T	36.994442084	-80.518866067	603.6						
T	37.058906222	-80.448522600	631.3						
T	37.132095043	-80.384358958	666.2						
T	37.160696184	-80.360067228	633.0						
T	37.197091221	-80.328961905	502.3						
T	37.209934529	-80.320967687	619.1						
T	37.214258680	-80.323123857	589.9						
T	37.215322226	-80.329247708	574.4						
T	37.201922745	-80.383269093	717.3						
T	37.166841724	-80.466964631	604.4						
T	37.150275679	-80.507566419	608.2						
T	37.133954937	-80.544989140	552.3						
T	37.120534116	-80.581761529	585.3						
T	37.098246663	-80.641820567	619.4						
T	37.087126032	-80.680822289	650.1						
T	37.084781056	-80.692621123	633.5						
T	37.084811794	-80.702178678	653.1						
T	37.089462541	-80.685750217	663.9						
T	37.095756306	-80.657340319	607.2						
T	37.100829203	-80.621439988	592.0						
T	37.104707333	-80.586518716	533.0						
T	37.102881043	-80.520143574	631.3						
T	37.095305021	-80.460321969	646.6						
T	37.089474330	-80.436729425	630.5						
T	37.084801210	-80.420357654	589.8						
T	37.078940624	-80.408953387	619.4						
T	37.068139954	-80.398165724	597.7						
T	37.058681612	-80.402674208	640.5						
T	37.036569706	-80.444398559	685.0						
T	37.027913472	-80.475056694	695.5						
T	37.023909242	-80.507529134	633.4						
T	37.020956039	-80.539850200	627.9						
T	37.019288694	-80.601950900	653.3						
T	37.025311385	-80.657441725	599.5						
T	37.033047549	-80.691429359	640.1						
T	37.043383510	-80.709659820	568.0						
T	37.046856923	-80.693583427	606.5						
T	37.050144453	-80.642292236	567.4						
T	37.051189455	-80.610705533	578.2						
T	37.049160777	-80.548652705	588.9						
T	37.041842008	-80.496349215	632.3						
T	37.033463886	-80.464308448	659.1						
T	37.030996526	-80.455230280	672.8						
T	37.024329196	-80.446470870	720.1						
T	37.023435193	-80.463797611	741.3						
T	37.024797850	-80.489057122	691.9						
T	37.028736284	-80.548946132	561.6						
T	37.032509153	-80.604489429	621.6						
T	37.039908282	-80.655843311	581.2						
T	37.042029714	-80.676905722	641.1						
T	37.047930810	-80.704175877	562.4						
T	37.055902413	-80.715352216	589.4						
T	37.061577111	-80.685169717	604.8						
T	37.062857762	-80.620399790	584.6						
T	37.057125047	-80.546189155	552.7						
T	37.051077439	-80.508810831	624.2						
T	37.041194278	-80.439380329	673.2						
T	37.036745190	-80.383970166	703.9						
T	37.031796876	-80.348690250	743.1						
T	37.029420619	-80.337464717	808.0						
T	37.026331877	-80.333224283	760.3						
T	37.023117671	-80.369386329	746.1						
T	37.021973738	-80.434001785	735.0						
T	37.024584346	-80.469484254	746.0						
T	37.028758736	-80.542008070	605.0						
T	37.034894582	-80.613815074	652.7						
T	37.042232591	-80.695581240	565.3						
T	37.049104902	-80.730013029	579.6						
T	37.055907392	-80.745898048	607.8						
T	37.058189455	-80.720244118	606.8						
T	37.056978704	-80.651966290	620.0						
T	37.052372573	-80.613076747	562.1						
T	37.041066622	-80.535960582	605.3						
T	37.023371663	-80.458047378	722.1						
T	37.010317759	-80.394882253	651.4						
T	37.003484865	-80.368319828	706.9						
T	36.992623164	-80.334581641	750.9						
T	36.980873826	-80.318298032	684.7						
T	36.973776057	-80.333887899	692.8						
T	36.967515005	-80.355987395	652.9						
T	36.956044525	-80.419508232	734.7						
T	36.946674370	-80.486394042	764.4						
T	36.935208983	-80.586305817	812.1						
T	36.931431004	-80.633073568	988.5						
T	36.930774800	-80.651487437	873.6						
T	36.930882830	-80.677597360	1003.1						
T	36.935514498	-80.688883679	940.4						
T	36.961122871	-80.650840212	856.1						
T	36.969623435	-80.624452711	877.1						
T	36.978593407	-80.596751682	832.4						
T	36.985816975	-80.567594215	720.4						
T	36.994631846	-80.535843086	579.6						
T	37.010276975	-80.448638784	669.8						
T	37.016844624	-80.403382125	662.6						
T	37.021291686	-80.378751094	716.8						
T	37.020969128	-80.370785060	777.2						
T	37.020195158	-80.381177227	718.2						
T	37.019078298	-80.402002856	681.5						
T	37.011640104	-80.470252832	655.7						
T	37.007770014	-80.538968659	572.6						
T	37.008208307	-80.607465477	677.5						
T	37.012036319	-80.668223744	624.4						
T	37.020965467	-80.714774872	639.3						
T	37.025053199	-80.730069789	642.7						
T	37.030778378	-80.747818152	730.1						
T	37.036044524	-80.750797696	669.6						
T	37.040905424	-80.742040941	596.3						
T	37.058159974	-80.667311125	562.1						
T	37.060584044	-80.560269944	581.9						
T	37.056741602	-80.490975662	623.2						
T	37.047257924	-80.438863277	633.2						
T	37.042318403	-80.421817259	675.3						
T	37.036455452	-80.407270640	703.5						
T	37.032284408	-80.397206049	647.7						
T	37.024566314	-80.392224981	659.8						
T	37.013538898	-80.401425129	655.3						
T	36.996002180	-80.445185778	701.5						
T	36.981405327	-80.509193996	660.5						
T	36.973908459	-80.578803814	819.4						
T	36.971447751	-80.644634322	790.9						
T	36.972432243	-80.673802673	747.8						
T	36.977566498	-80.722313108	621.8						
T	36.990221067	-80.764125617	656.7						
T	36.994261260	-80.769078940	695.0						
T	37.003061727	-80.766732944	650.7						
T	37.028701130	-80.709637968	639.7						
T	37.039954025	-80.647702808	588.6						
T	37.043056045	-80.614019301	624.1						
T	37.046896847	-80.554528026	553.6						
T	37.044161292	-80.505574187	622.2						
T	37.040632535	-80.481275328	683.3						
T	37.035896738	-80.471100521	696.9						
T	37.031328255	-80.473696228	708.8						
T	37.016017738	-80.503255561	653.0						
T	37.001403754	-80.558447362	700.1						
T	36.994088041	-80.611661729	884.5						
T	36.996241686	-80.659344524	680.1						
T	37.003468005	-80.698502726	587.5						
T	37.015353767	-80.723468244	613.1						
T	37.028201561	-80.731491435	646.9						
T	37.046819301	-80.719285717	562.2						
T	37.059314081	-80.700327605	600.8						
T	37.072015634	-80.675173031	615.8						
T	37.083902638	-80.644843806	610.2						
T	37.104671501	-80.581685587	559.8						
T	37.116253760	-80.522176215	611.4						
T	37.117450037	-80.481999246	678.9						
T	37.104963084	-80.450039867	651.8						
T	37.088192978	-80.451198501	640.2						
T	37.048614827	-80.480843636	609.9						
T	37.016461632	-80.531906696	569.6						
T	36.994943392	-80.578882581	700.0						
T	36.985229124	-80.618189372	908.4						
T	36.990261886	-80.652214099	826.5						
T	36.998608271	-80.659484236	663.1						
T	37.028286232	-80.641388495	575.3						
T	37.045445933	-80.619916900	564.7						
T	37.076754519	-80.563717190	548.1						
T	37.101540039	-80.500899719	625.8						
T	37.111371839	-80.470180972	654.3						
T	37.118464250	-80.443011013	673.0						
T	37.124532942	-80.419371330	655.8						
T	37.127054356	-80.402023898	654.2						
T	37.127099041	-80.389778887	655.0						
T	37.119846560	-80.377089673	658.2						
T	37.108909241	-80.380698487	700.0						
T	37.063502728	-80.421054475	608.9						
T	37.038991223	-80.450011411	649.8						
T	36.998986237	-80.533472125	616.7						
T	36.991409096	-80.556280420	607.6						
T	36.988585010	-80.591266956	690.1						
T	36.993895698	-80.619562224	797.3						
T	37.007685513	-80.632529612	675.0						
T	37.026957528	-80.633242891	632.3						
T	37.064035329	-80.608631283	562.1						
T	37.102972215	-80.559955933	611.2						
T	37.137518705	-80.498188618	614.9						
T	37.167033447	-80.406896810	591.4						
T	37.168745184	-80.361595390	565.2						
T	37.159583742	-80.333988448	613.7						
T	37.140983679	-80.322972525	656.9						
T	37.110441045	-80.335605557	592.5						
T	37.088183231	-80.353042599	610.3						
T	37.050475117	-80.396481157	779.2						
T	37.039827410	-80.416249934	778.7						
T	37.026760111	-80.469355053	740.3						
T	37.031682038	-80.496807432	661.0						
T	37.045375096	-80.513693919	620.8						
T	37.072043203	-80.517504967	624.3						
T	37.126413210	-80.501088305	558.9						
T	37.188882010	-80.460644772	729.8						
T	37.243964423	-80.407741631	670.2						
T	37.282981072	-80.360416182	637.4						
T	37.294993901	-80.340323558	601.8						
T	37.300945453	-80.314084739	674.2						
T	37.265624023	-80.297664779	606.5						
T	37.164780198	-80.332052456	560.2						
T	37.085916774	-80.370051357	603.6						
T	37.023455366	-80.402718135	668.5						
T	36.998532317	-80.419963964	680.6						
T	36.997274680	-80.429181564	674.8						
T	37.096842667	-80.395235335	625.1						
T	37.155383185	-80.368171975	544.5						
T	37.196838656	-80.351941784	457.0						
T	37.212460575	-80.346316648	488.8						
T	37.130825117	-80.395529999	644.6						
T	37.107536056	-80.406286071	693.0						
T	37.080065093	-80.418387300	641.9						
T	37.056490385	-80.426380971	649.5						
T	37.028501376	-80.430014042	779.0						
T	37.028709954	-80.421881475	687.2						
T	37.079982378	-80.373123580	682.3						
T	37.144839502	-80.328610709	641.9						
T	37.213546427	-80.283083459	408.3						
T	37.251701889	-80.258717860	387.0						
T	37.261592703	-80.254471763	412.1						
T	37.217814365	-80.293987780	497.7						
T	37.138424764	-80.349202830	661.8						
T	37.070522195	-80.394363849	594.5						
T	37.031039088	-80.418189269	702.2						
T	37.017877286	-80.426261566	647.4						
T	37.050567395	-80.410512574	691.1						
T	37.130916400	-80.368530441	666.5						
T	37.204777767	-80.324177846	680.0						
T	37.273261879	-80.281930691	772.2						
T	37.285889824	-80.273439770	790.9						
T	37.215117451	-80.317740767	652.2						
T	37.107733284	-80.375976802	667.9						
T	37.075314292	-80.390291187	629.9						
T	37.031162946	-80.407742638	698.3						
T	37.013448011	-80.407176520	691.0						
T	37.063041466	-80.358630647	757.2						
T	37.087101637	-80.341190849	588.9						
T	37.163019701	-80.287385450	573.2						
T	37.195374480	-80.264367856	551.1						
T	37.222516409	-80.245657718	550.9						
T	37.252125781	-80.225002285	592.4						
T	37.258538946	-80.221343906	718.6						
T	37.235051750	-80.242167649	375.5						
T	37.106835006	-80.336078424	583.6						
T	37.041137630	-80.374183995	707.9						
T	37.008158713	-80.391680913	677.0						
T	37.000424700	-80.394814994	712.7						
T	37.146264543	-80.302401204	634.5						
T	37.235112537	-80.240845339	379.2						
T	37.262211590	-80.223426014	769.5						
T	37.153823944	-80.303774060	588.0						
T	37.058363252	-80.360396370	716.7						
T	37.039962858	-80.370836431	697.6						
T	37.026775048	-80.375820198	709.1						
T	37.078995720	-80.336483628	773.9						
T	37.151475474	-80.289185662	601.1						
T	37.178057355	-80.271039245	498.0						
T	37.228911317	-80.236599806	462.4						
T	37.246159852	-80.224560947	476.9						
T	37.178095707	-80.272286095	516.9						
T	37.081105721	-80.327899919	748.2						
T	37.037431267	-80.349103911	724.9						
T	37.020679158	-80.351309639	774.0						
T	37.069622478	-80.304587201	763.4						
T	37.143721156	-80.250853054	528.8						
T	37.197534547	-80.210604532	483.0						
T	37.227264608	-80.190310212	390.8						
T	37.208709638	-80.207059718	531.0						
T	37.127397943	-80.270653579	489.2						
T	37.036108616	-80.329574535	781.2						
T	37.001372084	-80.353777602	727.3						
T	36.958186219	-80.378292525	703.9						
T	36.945508212	-80.386491311	739.4						
T	36.958170434	-80.381622188	677.4						
T	37.004616669	-80.357912303	681.3						
T	37.080328809	-80.316015043	689.5						
T	37.155884040	-80.270955591	543.9						
T	37.204706378	-80.242370848	488.6						
T	37.221121959	-80.235580925	486.8						
T	37.168321331	-80.287788398	545.0						
T	37.142481997	-80.304198004	631.9						
T	37.038860937	-80.373288892	685.7						
T	37.031198784	-80.378785707	658.5						
T	37.138584219	-80.315889886	635.6						
T	37.203809707	-80.278237715	504.5						
T	37.233276241	-80.268267339	389.8						
T	37.160849595	-80.341313026	546.3						
T	37.107666252	-80.386889746	656.5						
T	37.074167617	-80.416535583	636.5						
T	37.067064169	-80.424280384	644.5						
T	37.064735391	-80.430385218	634.2						
T	37.075293221	-80.431886687	628.7						
T	37.100225791	-80.422644621	624.7						
T	37.188348685	-80.379608948	564.7						
T	37.277606992	-80.322448985	612.0						
T	37.313335649	-80.300432043	667.9						
T	37.364023931	-80.269431487	476.6						
T	37.371946706	-80.266851581	517.5						
T	37.350690582	-80.282572784	519.4						
T	37.257172149	-80.352712180	505.0						
T	37.201849444	-80.387111293	654.8						
T	37.104925215	-80.444005922	649.8						
T	37.069274187	-80.460802739	634.8						
T	37.020361186	-80.480076821	717.1						
T	37.009557899	-80.481801477	698.9						
T	37.061245390	-80.441280506	628.7						
T	37.093107295	-80.422039343	611.0						
T	37.144897794	-80.394110564	627.0						
T	37.263847332	-80.322813715	482.0						
T	37.275031984	-80.320083913	575.2						
T	37.255053472	-80.346302417	467.2						
T	37.164201541	-80.422166852	623.2						
T	37.073067600	-80.480702723	637.8						
T	37.012922473	-80.515969604	642.4						
T	36.991363064	-80.531396281	586.9						
T	37.033033850	-80.522231857	604.0						
T	37.122301901	-80.489075503	619.1						
T	37.208066709	-80.458173270	616.6						
T	37.217848758	-80.460126395	620.5						
T	37.163516837	-80.519555119	627.1						
T	37.087445165	-80.570835412	598.1						
T	37.061747757	-80.585012981	596.5						
T	37.057003637	-80.588504939	620.7						
T	37.068683285	-80.582693466	614.5						
T	37.215069584	-80.502652200	597.7						
T	37.293689710	-80.458302522	713.5						
T	37.329402721	-80.438430737	618.1						
T	37.378961777	-80.414296157	946.5						
T	37.295368438	-80.475584997	699.4						
T	37.166066160	-80.555732123	516.8						
T	37.087573638	-80.594759630	593.6						
T	37.075731837	-80.599366294	562.1						
T	37.069871010	-80.601646448	562.1						
T	37.088827690	-80.591184786	601.9						
T	37.163474350	-80.553260403	515.3						
T	37.207364353	-80.532326687	521.9						
T	37.340704804	-80.461005618	716.2						
T	37.358926276	-80.454486630	842.4						
T	37.371406428	-80.451075152	979.0						
T	37.158196416	-80.589408516	582.6						
T	37.123998148	-80.607417619	613.0						
T	37.095896139	-80.620099385	601.3						
T	37.062820431	-80.635727676	562.1						
T	37.073318346	-80.632548290	598.6						
T	37.103231492	-80.620298020	591.5						
T	37.253546351	-80.556215597	671.8						
T	37.280278766	-80.544041542	693.6						
T	37.288748061	-80.543919390	953.0						
T	37.273018259	-80.569268445	628.8						
T	37.208931002	-80.623133943	595.3						
T	37.137554654	-80.665486966	619.5						
T	37.111428924	-80.677479065	629.1						
T	37.077768383	-80.692150748	617.6						
T	37.067351453	-80.692634800	617.0						
T	37.102987816	-80.661304687	627.5						
T	37.168439741	-80.613273810	584.1						
T	37.227273638	-80.574524937	624.6						
T	37.246435632	-80.561495807	656.6						
T	37.268324032	-80.544225994	701.5						
T	37.232539837	-80.568054140	636.3						
T	37.181886872	-80.599708908	572.9						
T	37.147850535	-80.615297548	605.1						
T	37.103092147	-80.639596231	597.5						
T	37.015443264	-80.674161722	597.0						
T	37.009910539	-80.677254251	564.5						
T	37.033138142	-80.672899687	612.6						
T	37.121399810	-80.651253113	613.9						
T	37.260635053	-80.603480237	551.9						
T	37.347321695	-80.573236926	913.1						
T	37.357652372	-80.570480602	1193.5						
T	37.367809451	-80.571850766	942.4						
T	37.305849995	-80.621686469	490.4						
T	37.223258262	-80.663368789	702.9						
T	37.121226796	-80.702429990	657.5						
T	37.066220450	-80.715011027	619.4						
T	37.059328928	-80.715631324	608.3						
T	37.107709204	-80.703869910	648.8						
T	37.124955530	-80.702700908	645.6						
T	37.136264819	-80.703525635	619.8						
T	37.145184078	-80.707884967	618.1						
T	37.152500532	-80.713360227	590.7						
T	37.162202548	-80.727764129	637.5						
T	37.164722932	-80.735459206	651.1						
T	37.169302622	-80.759724877	713.5						
T	37.172543974	-80.766405636	583.2						
T	37.197937099	-80.691413418	696.1						
T	37.220070217	-80.622151042	705.2						
T	37.234175408	-80.533053428	604.4						
T	37.235667269	-80.512262060	624.3						
T	37.236870206	-80.481075687	617.6						
T	37.238374408	-80.470602552	587.8						
T	37.239520397	-80.479654973	610.4						
T	37.259071053	-80.565357583	868.3						
T	37.268690875	-80.599636486	622.1						
T	37.289412776	-80.661311368	653.6						
T	37.301613845	-80.687398799	565.7						
T	37.319794834	-80.725070539	557.6						
T	37.325872399	-80.737776387	576.4						
T	37.333693099	-80.749362120	501.7						
T	37.330550269	-80.736808621	543.4						
T	37.315455752	-80.665227996	484.8						
T	37.271078484	-80.529662672	716.8						
T	37.235729641	-80.444782157	634.7						
T	37.204581041	-80.377893856	619.7						
T	37.194256565	-80.352235654	452.2						
T	37.177713522	-80.319031517	583.5						
T	37.172509740	-80.304671454	594.9						
T	37.192587106	-80.348671485	480.8						
T	37.216295290	-80.413990198	638.8						
T	37.249532538	-80.526196943	631.3						
T	37.284740147	-80.630472782	575.2						
T	37.306198025	-80.679594057	547.2						
T	37.319722640	-80.710147186	594.8						
T	37.327659793	-80.721609953	545.4						
T	37.327455131	-80.705246926	586.9						
T	37.322850912	-80.631620246	560.8						
T	37.297395507	-80.500907954	646.9						
T	37.275574108	-80.415583770	669.5						
T	37.247776058	-80.313399457	636.2						
T	37.236136247	-80.259987826	399.2						
T	37.230428670	-80.245386468	456.8						
T	37.241123680	-80.289268417	399.3						
T	37.266730264	-80.388615535	665.4						
T	37.288374957	-80.458580030	672.5						
T	37.298904614	-80.495489356	643.5						
T	37.320184702	-80.561041453	721.7						
T	37.329554609	-80.589578635	622.5						
T	37.349976803	-80.644727829	755.2						
T	37.353937092	-80.653104708	675.3						
T	37.358379344	-80.656030389	738.5						
T	37.345214712	-80.541737301	1231.5						
T	37.320596928	-80.409291380	725.4						
T	37.292179030	-80.297831813	587.8						
T	37.266040086	-80.228867988	543.4						
T	37.258678486	-80.219975780	677.9						
T	37.249732409	-80.209341072	442.9						
T	37.245979430	-80.263593012	413.9						
T	37.252928267	-80.332226901	566.9						
T	37.273060924	-80.448944982	707.8						
T	37.281075613	-80.488297757	873.7						
T	37.316731668	-80.624670837	559.2						
T	37.328778349	-80.674001088	531.4						
T	37.344800606	-80.717411939	576.9						
T	37.337032139	-80.670269674	522.2						
T	37.330317870	-80.627747626	592.9						
T	37.295741479	-80.499637140	641.3						
T	37.282663437	-80.456246990	700.4						
T	37.256979070	-80.380331039	656.6						
T	37.246456683	-80.353864702	463.4						
T	37.222764836	-80.316789295	692.9						
T	37.215847043	-80.305955306	689.3						
T	37.203754108	-80.298706874	412.9						
T	37.198735663	-80.341637340	684.1						
T	37.203332211	-80.376735709	636.3						
T	37.216443643	-80.453790384	628.2						
T	37.223438633	-80.493307464	600.6						
T	37.235015321	-80.573233116	694.4						
T	37.241809254	-80.614891812	689.6						
T	37.248937145	-80.680386740	611.2						
T	37.252024245	-80.704139388	586.8						
T	37.253245309	-80.723855649	679.6						
T	37.257331269	-80.746475174	655.7						
T	37.249076384	-80.720920553	593.6						
T	37.216709227	-80.601492806	612.3						
T	37.204760796	-80.559190736	524.7						
T	37.174663617	-80.482835403	600.6						
T	37.160418434	-80.452380409	620.4						
T	37.135875796	-80.409779503	620.6						
T	37.125829970	-80.394802733	659.0						
T	37.113724935	-80.383831244	670.5						
T	37.107673742	-80.385677319	666.7						
T	37.100270183	-80.416609996	644.8						
T	37.097697469	-80.446936308	652.8						
T	37.101604062	-80.515361835	634.9						
T	37.105339352	-80.551481873	606.7						
T	37.117662259	-80.658387091	622.1						
T	37.120007630	-80.712088657	659.3						
T	37.121141140	-80.758487408	653.2						
T	37.119864648	-80.768095100	666.6						
T	37.111455172	-80.746589809	642.6						
T	37.101626543	-80.714270924	638.3						
T	37.080337599	-80.643506131	618.6						
T	37.069861227	-80.608750729	562.1						
T	37.039678433	-80.511566139	627.8						
T	37.031534282	-80.485245594	814.7						
T	37.019995558	-80.446785358	623.0						
T	37.016479548	-80.434451879	626.2						
T	37.013592622	-80.423183654	665.3						
T	37.015909053	-80.467707294	686.0						
T	37.018335302	-80.499705910	648.1						
T	37.022005135	-80.534073269	597.8						
T	37.025968694	-80.600912214	622.2						
T	37.031943280	-80.693670592	634.9						
T	37.033229649	-80.718123888	636.5						
T	37.034863325	-80.754145992	675.2						
T	37.034946326	-80.765769337	690.3						
T	37.036068653	-80.776345242	633.5						
T	37.028606764	-80.695747567	657.3						
T	37.024170390	-80.656229828	612.5						
T	37.012877749	-80.577803426	664.7						
T	37.006703644	-80.541272166	619.6						
T	36.993258170	-80.475904916	615.4						
T	36.987412339	-80.452616239	751.3						
T	36.977468237	-80.416414620	781.3						
T	36.974470504	-80.405491265	763.2						
T	36.971410960	-80.399090842	741.5						
T	36.969376951	-80.394836461	760.9						
T	36.969159065	-80.413853313	783.4						
T	36.969157015	-80.436151532	845.2						
T	36.967599086	-80.496374264	731.7						
T	36.965965380	-80.527631618	661.8						
T	36.964593282	-80.557671341	833.6						
T	36.966657754	-80.636598161	817.6						
T	36.975609620	-80.681840070	591.1						
T	36.979730926	-80.689961922	628.6						
T	36.989033679	-80.677051163	660.0						
T	37.008918654	-80.585779238	652.3						
T	37.015933969	-80.469997900	658.3						
T	37.012040454	-80.366153991	705.5						
T	37.009964342	-80.341229606	797.0						
T	37.005142345	-80.312345537	769.0						
T	37.002984178	-80.304706865	787.1						
T	36.999810581	-80.302926732	777.6						
T	36.996815806	-80.334000057	740.7						
T	36.997286453	-80.364487970	718.7						
T	36.998203721	-80.397333427	699.3						
T	37.007268569	-80.461389990	622.3						
T	37.013903205	-80.493026076	682.6						
T	37.026563719	-80.545511786	566.3						
T	37.038468881	-80.596472274	669.5						
T	37.045385234	-80.611742657	617.1						
T	37.043036533	-80.594204666	624.2						
T	37.041071928	-80.567402989	620.2						
T	37.026760111	-80.469355053	740.3						
T	37.016752976	-80.409144546	683.8						
T	37.013656923	-80.384202805	685.4						
T	37.013389755	-80.341873142	704.4						
T	37.016148997	-80.324384443	739.6						
T	37.036000784	-80.286641058	803.7						
T	37.071137535	-80.272253085	690.5						
T	37.124865163	-80.271090221	433.9						
T	37.159351918	-80.280437125	612.2						
T	37.165698565	-80.286949986	487.6						
T	37.152675083	-80.293982546	556.2						
T	37.020679158	-80.351309639	774.0						
T	36.945687352	-80.373243136	720.2						
T	36.921008190	-80.375167194	704.5						
T	36.927763302	-80.365656497	675.2						
T	37.006222616	-80.317883905	752.5						
T	37.055552897	-80.289173468	763.6						
T	37.110053060	-80.262661511	544.2						
T	37.118225069	-80.260107787	531.4						
T	37.124490791	-80.258991014	497.7						
T	37.060121926	-80.310812216	744.2						
T	36.975953033	-80.360453026	703.7						
T	36.958199032	-80.369421484	676.0						
T	36.940475336	-80.376114236	800.8						
T	36.996872839	-80.337384253	754.1						
T	37.021831509	-80.321204762	702.5						
T	37.135841689	-80.252046929	535.5						
T	37.191460736	-80.224354722	490.8						
T	37.137380577	-80.270210810	421.1						
T	37.105874378	-80.292576810	621.1						
T	37.059231072	-80.319135215	765.3						
T	37.045600258	-80.325790705	718.7						
T	37.033894181	-80.329884884	848.8						
T	37.124865163	-80.271090221	433.9						
T	37.163023313	-80.244612045	403.9						
T	37.192934451	-80.227861847	474.9						
T	37.218588170	-80.212790049	370.7						
T	37.245485730	-80.199686764	430.7						
T	37.225927907	-80.222936094	407.3						
T	37.181828571	-80.264140580	592.4						
T	37.121422283	-80.310955356	608.9						
T	37.047989378	-80.357006610	709.1						
T	37.035364800	-80.364432378	673.3						
T	37.047989054	-80.358176281	710.0						
T	37.127530118	-80.308852216	578.0						
T	37.232702027	-80.239895931	390.9						
T	37.267585206	-80.219598252	716.5						
T	37.176416276	-80.330534472	555.7						
T	37.054215771	-80.437134346	646.1						
T	36.965534064	-80.506482629	717.1						
T	36.955214157	-80.515748020	673.4						
T	36.954154045	-80.523519455	724.7						
T	36.997567433	-80.513095702	670.6						
T	37.046391769	-80.494976174	624.0						
T	37.109932325	-80.459377581	646.6						
T	37.142366982	-80.441250957	612.2						
T	37.161665159	-80.432348580	625.6						
T	37.179979206	-80.430930769	636.0						
T	37.159103195	-80.483598409	596.4						
T	37.105294138	-80.553899208	596.6						
T	37.058207714	-80.610862926	562.1						
T	37.021951551	-80.658423422	593.1						
T	36.999123386	-80.694766573	584.8						
T	36.996866434	-80.701396701	588.4						
T	36.995539673	-80.706931002	571.0						
T	36.995802237	-80.697914953	626.7						
T	36.996633538	-80.682074198	659.2						
T	36.997408696	-80.625338074	834.1						
T	37.004400101	-80.532203517	613.9						
T	37.005949612	-80.500267078	641.9						
T	37.012340098	-80.443920534	646.9						
T	37.016904221	-80.396477742	687.3						
T	37.015827552	-80.386258333	689.6						
T	37.011354146	-80.399358726	648.8						
T	37.003890942	-80.424034787	652.0						
T	36.995109350	-80.457696341	690.2						
T	36.981302643	-80.559756819	700.4						
T	36.981248115	-80.651823830	713.8						
T	36.983846188	-80.714997543	562.4						
T	36.985994025	-80.738850152	602.5						
T	36.987016332	-80.745712006	633.5						
T	36.983604665	-80.681198951	642.9						
T	36.974770459	-80.562046902	704.2						
T	36.965389895	-80.487589654	710.6						
T	36.959949241	-80.455754080	774.8						
T	36.951040487	-80.407831814	762.6						
T	36.946464246	-80.395188357	738.2						
T	36.943446868	-80.385639744	761.6						
T	36.941479560	-80.378184544	773.5						
T	36.941242221	-80.395795222	765.2						
T	36.943840569	-80.421760493	752.2						
T	36.951592627	-80.492757964	815.3						
T	36.956120332	-80.530097973	714.7						
T	36.961334850	-80.567678058	814.6						
T	36.974346851	-80.639156610	759.7						
T	36.994493240	-80.727236639	632.3						
T	36.998771428	-80.746934868	612.4						
T	37.007304055	-80.774055446	677.6						
T	37.011475447	-80.779097994	664.0						
T	37.013567773	-80.769028168	695.2						
T	37.016447224	-80.714382814	656.6						
T	37.001517198	-80.601639745	736.9						
T	36.992425492	-80.564181142	646.7						
T	36.979274747	-80.509277864	654.0						
T	36.972830006	-80.489422305	681.2						
T	36.966331066	-80.473080784	711.0						
T	36.958935805	-80.459148850	812.5						
T	36.954926814	-80.458314339	789.9						
T	36.953864964	-80.466124567	841.8						
T	36.955238985	-80.511324121	719.3						
T	36.957032026	-80.543353493	755.1						
T	36.969884545	-80.636730346	850.0						
T	36.984904932	-80.716214399	562.1						
T	36.989182014	-80.738039882	616.0						
T	36.996363301	-80.767051089	672.0						
T	36.999711893	-80.775415765	649.7						
T	37.004081153	-80.780511192	647.7						
T	37.018749358	-80.713438726	640.7						
T	37.023455274	-80.625048234	611.0						
T	37.023701195	-80.602025933	631.4						
T	37.022957620	-80.581288082	649.3						
T	37.020696556	-80.565171614	621.2						
T	37.018780612	-80.543340454	614.3						
T	37.019873412	-80.542171246	630.5						
T	37.025460151	-80.546683609	590.0						
T	37.082887586	-80.591123917	588.3						
T	37.108256403	-80.607122528	576.2						
T	37.168658362	-80.635814309	571.7						
T	37.201870025	-80.648424412	588.3						
T	37.276350272	-80.679284713	559.6						
T	37.287507301	-80.683863662	648.3						
T	37.297239961	-80.693850908	583.5						
T	37.279303918	-80.703348093	563.5						
T	37.246301263	-80.711573700	519.8						
T	37.164832917	-80.721750225	626.3						
T	37.127500005	-80.727357523	614.6						
T	37.089650058	-80.731282671	624.2						
T	37.004144059	-80.733819447	601.4						
T	36.980743279	-80.732713651	562.1						
T	36.975497243	-80.733327944	634.4						
T	36.998792890	-80.733313033	651.5						
T	37.074339736	-80.727540100	629.5						
T	37.175771473	-80.710129523	646.9						
T	37.234893038	-80.706839001	606.5						
T	37.236324202	-80.708240972	524.3						
T	37.153477875	-80.748146231	640.7						
T	37.101579284	-80.768517072	638.0						
T	37.070757538	-80.778161379	635.7						
T	37.020204707	-80.791658411	714.8						
T	37.002877952	-80.795139589	674.8						
T	37.164725292	-80.737955936	670.8						
T	37.200513784	-80.726057212	735.3						
T	37.229259352	-80.712902406	542.5						
T	37.267543030	-80.703866388	514.7						
T	37.239203080	-80.717554490	529.5						
T	37.187009133	-80.741372686	573.5						
T	37.121121017	-80.765797109	662.7						
T	37.087171199	-80.775296478	655.6						
T	37.062635432	-80.781925494	633.3						
T	37.030262992	-80.788344561	657.6						
T	37.029137087	-80.788200084	653.1						
T	37.095672229	-80.758267387	633.6						
T	37.129957536	-80.742265935	617.9						
T	37.186917599	-80.714685763	707.3						
T	37.211801136	-80.702457252	787.3						
T	37.236024548	-80.693920031	620.1						
T	37.271932569	-80.680361292	578.4						
T	37.260609782	-80.692894721	645.6						
T	37.127431414	-80.757928219	660.8						
T	37.077820743	-80.770669329	621.5						
T	37.073159946	-80.771334756	627.5						
T	37.158455130	-80.737410911	636.1						
T	37.188195736	-80.731344510	625.4						
T	37.257723200	-80.708469246	558.7						
T	37.310843223	-80.696049272	554.6						
T	37.319872946	-80.699321756	598.6						
T	37.295596856	-80.717840627	567.0						
T	37.245812656	-80.749331038	644.4						
T	37.218304991	-80.758395025	613.2						
T	37.182961541	-80.773628151	727.1						
T	37.108598346	-80.793462434	666.2						
T	37.096551176	-80.794381917	636.9						
T	37.116108628	-80.785911327	639.7						
T	37.236220731	-80.743275424	603.3						
T	37.340198894	-80.712974280	585.7						
T	37.349404283	-80.713609329	567.5						
T	37.256988217	-80.762156626	637.1						
T	37.159767380	-80.797101517	583.2						
T	37.126778958	-80.805455591	655.9						
T	37.154816684	-80.797762240	635.5						
T	37.261217425	-80.761252378	638.4						
T	37.328991935	-80.740764616	586.3						
T	37.341486335	-80.736349444	513.8						
T	37.306991165	-80.748127482	804.2						
T	37.183460581	-80.786180884	941.5						
T	37.100160750	-80.800857899	633.4						
T	37.088346912	-80.800564110	637.7						
T	37.085867186	-80.789469403	661.6						
T	37.168505930	-80.737033593	681.3						
T	37.254827377	-80.695151336	584.3						
T	37.270489103	-80.688210966	524.9						
T	37.280694791	-80.683508519	562.2						
T	37.177415552	-80.726497629	778.3						
T	37.018851090	-80.774202961	745.9						
T	36.983753705	-80.781372457	660.4						
T	37.094578119	-80.747357036	618.0						
T	37.138659467	-80.735691001	612.7						
T	37.247727108	-80.710372230	525.9						
T	37.303168814	-80.709001492	567.5						
T	37.313501950	-80.721865869	609.8						
T	37.230838881	-80.789067466	1076.3						
T	37.126447388	-80.832249252	840.8						
T	37.075132742	-80.838019871	805.2						
T	37.052005411	-80.815761567	630.6						
T	37.049841630	-80.802601733	655.9						
T	37.062815315	-80.730074235	604.4						
T	37.086061313	-80.668818037	639.9						
T	37.095805197	-80.648933926	618.9						
T	37.099372112	-80.658717208	620.0						
T	37.100473563	-80.674425604	640.9						
T	37.100426990	-80.723814755	635.6						
T	37.104973753	-80.807513727	630.5						
T	37.107417755	-80.817518113	637.7						
T	37.110919773	-80.825245613	657.4						
T	37.114527628	-80.801455100	655.4						
T	37.123736453	-80.714822059	651.2						
T	37.122593950	-80.659842232	624.5						
T	37.121399810	-80.651253113	613.9						
T	37.121441575	-80.642722927	615.9						
T	37.123793167	-80.667222113	636.8						
T	37.122379120	-80.763495736	671.2						
T	37.123571329	-80.783148748	621.1						
T	37.125737214	-80.796798610	638.7						
T	37.129260099	-80.805775812	691.8						
T	37.137654168	-80.815412412	892.9						
T	37.142520875	-80.813570689	717.3						
T	37.181939762	-80.772295499	682.7						
T	37.209383024	-80.698480387	811.1						
T	37.212529031	-80.653972469	677.9						
T	37.211416686	-80.732084136	586.9						
T	37.227434935	-80.810528120	971.8						
T	37.244725571	-80.832106490	1173.5						
T	37.276244821	-80.822053821	1069.5						
T	37.332071514	-80.758761510	570.0						
T	37.367022058	-80.705040053	603.9						
T	37.376320567	-80.690298374	656.5						
T	37.295248634	-80.739205200	633.9						
T	37.144987554	-80.800307475	811.9						
T	37.061207700	-80.821773166	703.9						
T	37.083496069	-80.790370877	665.6						
T	37.121120225	-80.764577825	659.3						
T	37.180572483	-80.734367855	695.5						
T	37.274890867	-80.692450887	542.3						
T	37.299682540	-80.683234549	617.3						
T	37.337032139	-80.670269674	522.2						
T	37.320049185	-80.674936388	558.2						
T	37.105375531	-80.732706475	674.2						
T	37.073262815	-80.733389098	614.5						
T	37.172227504	-80.701122303	589.0						
T	37.298243127	-80.669751520	603.1						
T	37.334520279	-80.660618534	612.6						
T	37.376491558	-80.649778683	913.1						
T	37.177410502	-80.734035375	806.2						
T	37.149747844	-80.740369487	637.3						
T	37.131230822	-80.743614836	618.9						
T	37.115127738	-80.744517508	645.2						
T	37.167602173	-80.709490387	593.7						
T	37.274507043	-80.661947452	680.5						
T	37.347590685	-80.628185436	701.6						
T	37.355951223	-80.624249207	898.4						
T	37.273219461	-80.671159663	600.7						
T	37.211948260	-80.693520974	856.1						
T	37.188524717	-80.702189471	795.0						
T	37.161322837	-80.709040616	598.3						
T	37.196679286	-80.687530164	738.5						
T	37.305852064	-80.636490131	568.6						
T	37.337159405	-80.618343580	766.2						
T	37.356952343	-80.609091543	864.6						
T	37.380372018	-80.605292096	1177.9						
T	37.390364444	-80.625064896	848.0						
T	37.389288147	-80.678346626	924.2						
T	37.382249293	-80.739522559	1034.8						
T	37.375839186	-80.783744393	698.4						
T	37.365173944	-80.738169184	631.0						
T	37.353053372	-80.631066959	775.3						
T	37.347195886	-80.544442237	1100.2						
T	37.348910673	-80.492140368	737.0						
T	37.349215158	-80.481115138	697.1						
T	37.351697063	-80.498978194	979.4						
T	37.354158347	-80.523723763	1138.9						
T	37.367294414	-80.620310169	1238.7						
T	37.386356529	-80.699205695	894.2						
T	37.405480091	-80.742995592	704.3						
T	37.405463423	-80.741578211	686.8						
T	37.395054704	-80.626583281	795.6						
T	37.375241008	-80.507900880	1165.4						
T	37.352760263	-80.424548402	861.7						
T	37.331078880	-80.393452944	959.4						
T	37.324804466	-80.413046536	884.1						
T	37.329560010	-80.498339953	669.4						
T	37.335423233	-80.529572587	894.7						
T	37.358190788	-80.609107489	901.7						
T	37.384161661	-80.645864425	802.8						
T	37.382646439	-80.569049818	933.9						
T	37.353950903	-80.425864848	929.0						
T	37.320568482	-80.367117493	582.3						
T	37.298950474	-80.354671691	644.8						
T	37.287033481	-80.369345256	655.5						
T	37.280972555	-80.387277542	652.3						
T	37.270438353	-80.468907620	710.2						
T	37.261632199	-80.544319086	846.9						
T	37.255682901	-80.598145472	639.2						
T	37.253092014	-80.609900902	507.1						
T	37.248897521	-80.622887966	575.6						
T	37.254344681	-80.612541617	497.7						
T	37.307240106	-80.501858427	560.2						
T	37.352055264	-80.363931118	726.8						
T	37.347408597	-80.321603095	566.3						
T	37.342932270	-80.316648748	564.0						
T	37.324251778	-80.324702954	646.7						
T	37.292683113	-80.402200846	811.5						
T	37.286135563	-80.433461287	743.8						
T	37.281638527	-80.496216070	739.9						
T	37.285121955	-80.526663328	722.4						
T	37.304239696	-80.606853066	508.3						
T	37.326005017	-80.648036063	614.2						
T	37.334612305	-80.656530376	632.2						
T	37.333357216	-80.641477700	593.8						
T	37.261137289	-80.528569944	697.2						
T	37.174672386	-80.472788752	582.7						
T	37.103783673	-80.456155015	629.7						
T	37.055435315	-80.466389706	615.5						
T	37.021617005	-80.496111615	696.3						
T	37.011033400	-80.537758303	623.0						
T	37.015091563	-80.557173235	626.2						
T	37.026329934	-80.561681567	628.2						
T	37.093161085	-80.501239411	624.0						
T	37.111390007	-80.477453931	667.3						
T	37.129794214	-80.455645841	639.7						
T	37.144887845	-80.436126043	606.0						
T	37.167169507	-80.394355969	587.6						
T	37.163193492	-80.379769704	490.9						
T	37.113628274	-80.398428642	679.6						
T	37.082436906	-80.418176596	629.8						
T	37.056556307	-80.438120169	648.8						
T	37.034491455	-80.457293712	675.6						
T	37.019218054	-80.474396053	685.7						
T	37.003077654	-80.509475886	613.9						
T	37.016473145	-80.533053823	575.5						
T	37.068602945	-80.530629111	585.9						
T	37.084865226	-80.520683922	623.9						
T	37.097894830	-80.508268330	644.6						
T	37.106400237	-80.495864983	646.6						
T	37.113575735	-80.451862805	658.1						
T	37.107332654	-80.434155299	641.8						
T	37.069326360	-80.394490669	601.4						
T	37.024575708	-80.384147747	693.8						
T	36.999453329	-80.386946484	667.2						
T	36.994866116	-80.402235393	689.4						
T	37.020079244	-80.424920062	662.6						
T	37.065893825	-80.440925093	623.3						
T	37.101300730	-80.441858002	649.9						
T	37.109800132	-80.440015937	655.6						
T	37.122123246	-80.432989863	667.1						
T	37.117089007	-80.422446873	666.9						
T	37.108616719	-80.420730530	675.2						
T	37.058896636	-80.437933126	624.2						
T	37.000856525	-80.511837391	653.2						
T	36.980515881	-80.582193695	723.8						
T	36.983858365	-80.637293437	794.3						
T	36.990250816	-80.651084287	851.6						
T	37.025443415	-80.667843070	605.2						
T	37.079162723	-80.642268806	610.0						
T	37.114425540	-80.582947266	598.4						
T	37.123727389	-80.519518511	572.1						
T	37.121164646	-80.512284752	587.3						
T	37.096798393	-80.516720321	650.3						
T	37.054647570	-80.604913735	589.9						
T	37.052338442	-80.670503917	562.1						
T	37.070847271	-80.717754767	641.1						
T	37.102862967	-80.727643863	665.0						
T	37.150363939	-80.682258967	614.3						
T	37.177640558	-80.605930746	544.3						
T	37.162241623	-80.527076822	623.9						
T	37.129132832	-80.510766699	559.2						
T	37.083713690	-80.538618966	599.3						
T	37.057075967	-80.621417196	566.3						
T	37.068490263	-80.687978342	621.4						
T	37.099293739	-80.732155616	647.0						
T	37.153469141	-80.738218506	622.9						
T	37.207948973	-80.689536596	683.1						
T	37.242813210	-80.586255559	581.8						
T	37.230464664	-80.522769048	586.8						
T	37.193318778	-80.498401096	590.9						
T	37.140215983	-80.533802297	559.6						
T	37.120288745	-80.557388132	594.0						
T	37.091001744	-80.604386380	603.7						
T	37.074287600	-80.680048183	610.4						
T	37.108941310	-80.718489357	655.7						
T	37.192875903	-80.689845520	804.6						
T	37.257843373	-80.603437534	573.2						
T	37.257772994	-80.549618568	733.2						
T	37.195143314	-80.522436073	549.3						
T	37.087219325	-80.564857352	620.8						
T	37.054621064	-80.592003306	618.1						
T	37.058094931	-80.595569581	608.0						
T	37.109025396	-80.550225602	645.2						
T	37.134986792	-80.495837681	604.0						
T	37.137405123	-80.466213248	669.9						
T	37.145283115	-80.522570876	574.4						
T	37.187031666	-80.628856534	561.3						
T	37.222353845	-80.685238758	691.9						
T	37.253407863	-80.712091714	578.0						
T	37.222624243	-80.654364638	646.6						
T	37.156790051	-80.620478451	606.2						
T	37.111638088	-80.629005424	588.9						
T	37.094416422	-80.670473949	622.3						
T	37.129956456	-80.741040679	607.4						
T	37.175026628	-80.770418778	593.0						
T	37.225757354	-80.769200860	864.8						
T	37.287966140	-80.731926837	571.9						
T	37.295661744	-80.713833108	539.7						
T	37.226467582	-80.716568352	530.5						
T	37.112554935	-80.761240081	636.8						
T	37.059201218	-80.781517050	610.9						
T	37.088390333	-80.771850564	653.3						
T	37.162207561	-80.747708354	676.1						
T	37.191386816	-80.744202221	620.5						
T	37.187166220	-80.758950879	748.1						
T	37.125765236	-80.795584372	639.5						
T	37.098990644	-80.801917453	637.8						
T	37.115916288	-80.794366850	648.0						
T	37.229211023	-80.751695243	589.6						
T	37.276242531	-80.742900694	584.8						
T	37.282010424	-80.742070749	622.2						
T	37.221362340	-80.768875685	720.1						
T	37.132144415	-80.789040197	655.7						
T	37.119707963	-80.789980718	624.2						
T	37.177728755	-80.760653447	580.8						
T	37.268972040	-80.727733059	575.3						
T	37.313558294	-80.717820448	591.4						
T	37.308890667	-80.728250745	590.6						
T	37.141803264	-80.792605889	764.0						
T	37.071693554	-80.803128649	647.6						
T	37.060116776	-80.800429421	646.4						
T	37.136235817	-80.763760329	634.4						
T	37.219669141	-80.743084702	581.2						
T	37.241453143	-80.760628033	677.2						
T	37.226060718	-80.816802203	864.3						
T	37.198969763	-80.847868041	763.3						
T	37.178447900	-80.848744093	669.5						
T	37.149101462	-80.779832221	786.5						
T	37.154112083	-80.694892952	615.3						
T	37.159465387	-80.677834092	598.1						
T	37.181794407	-80.730685144	704.3						
T	37.202846783	-80.806550871	656.2						
T	37.208274775	-80.826209226	699.4						
T	37.222447454	-80.803539613	860.1						
T	37.258981007	-80.716427495	557.6						
T	37.263746474	-80.621934129	723.1						
T	37.219283949	-80.587381115	597.5						
T	37.154332292	-80.590615684	592.1						
T	37.056989973	-80.604958030	591.4						
T	37.016230518	-80.589285603	642.1						
T	37.070740244	-80.486749380	632.8						
T	37.150086467	-80.391106083	639.2						
T	37.184748940	-80.338221107	521.4						
T	37.128516656	-80.355315528	635.4						
T	37.027858819	-80.399969182	695.3						
T	36.998227272	-80.408680931	676.6						
T	37.010299788	-80.396030725	648.6						
T	37.092165797	-80.348875913	619.0						
T	37.101639244	-80.350108301	508.7						
T	37.037412738	-80.408361975	718.4						
T	37.013531148	-80.426634169	633.8						
T	37.075316951	-80.391479036	662.9						
T	37.167353179	-80.329212291	564.2						
T	37.181776930	-80.318452433	551.1						
T	37.142292758	-80.336364825	660.4						
T	37.071440941	-80.370591648	786.1						
T	37.065484456	-80.370123613	806.2						
T	37.096027518	-80.338711952	610.3						
T	37.155324483	-80.287338041	623.3						
T	37.030932320	-80.369597987	709.1						
T	36.969176264	-80.410503959	755.5						
T	36.962040158	-80.415636079	745.1						
T	37.102097188	-80.335483387	490.4						
T	37.183389773	-80.282794727	534.2						
T	37.202361342	-80.274652423	527.1						
T	37.130000256	-80.328118901	587.8						
T	37.074852571	-80.354766162	783.7						
T	37.078247501	-80.344840348	785.5						
T	37.155916985	-80.269698081	572.5						
T	37.167887758	-80.258857160	435.9						
T	37.100371193	-80.306853573	612.0						
T	37.017478352	-80.360898536	741.0						
T	36.999531978	-80.369873813	705.8						
T	37.036347497	-80.352722929	707.0						
T	37.152970604	-80.283939262	525.8						
T	37.190118128	-80.272838176	588.3						
T	37.128534933	-80.352860371	645.6						
T	37.026400269	-80.437100322	727.2						
T	36.986516641	-80.468441048	666.9						
T	37.077631352	-80.435267929	618.9						
T	37.182999526	-80.380173964	598.9						
T	37.193841160	-80.377745203	501.7						
T	37.123396016	-80.436548897	675.6						
T	37.104939923	-80.446419522	653.2						
T	37.088163079	-80.455989716	645.3						
T	37.113507240	-80.442162337	653.1						
T	37.144768287	-80.420085882	644.6						
T	37.235136907	-80.362969614	463.1						
T	37.253492398	-80.351750354	477.1						
T	37.275623093	-80.336038376	670.6						
T	37.159024352	-80.427576779	632.0						
T	37.066037191	-80.485804064	614.2						
T	37.055607032	-80.495726293	593.1						
T	37.121194985	-80.473270628	609.1						
T	37.246749952	-80.415335296	661.3						
T	37.276759516	-80.407554779	649.4						
T	37.259449663	-80.432686627	607.5						
T	37.123744716	-80.518296551	575.7						
T	37.075558676	-80.538776980	601.5						
T	37.096798776	-80.520327405	669.0						
T	37.225997051	-80.438985885	633.3						
T	37.274154213	-80.417020925	636.0						
T	37.216431866	-80.470490953	621.5						
T	37.088378928	-80.550494360	609.0						
T	37.066343531	-80.561409148	608.6						
T	37.053721339	-80.568533375	591.4						
T	37.046713686	-80.570889121	591.7						
T	37.147861151	-80.517547802	620.2						
T	37.259725475	-80.462958603	763.5						
T	37.281499318	-80.461614709	680.6						
T	37.220799211	-80.515301635	569.0						
T	37.133994024	-80.562178615	607.4						
T	37.122907671	-80.565906777	584.5						
T	37.155762396	-80.537185446	526.2						
T	37.244743908	-80.482025230	702.0						
T	37.261308920	-80.481256431	674.1						
T	37.185971187	-80.565650211	561.3						
T	37.085112354	-80.634144671	621.9						
T	37.026556885	-80.666750773	568.6						
T	37.056940754	-80.660188363	584.0						
T	37.216513138	-80.589928333	594.4						
T	37.323516409	-80.544748547	736.6						
T	37.334073838	-80.544619756	1041.1						
T	37.250423884	-80.612468912	537.6						
T	37.108968240	-80.680965029	630.0						
T	37.078929560	-80.691038210	624.7						
T	37.110213632	-80.676196834	623.4						
T	37.188379371	-80.644079258	577.4						
T	37.301033289	-80.601424859	541.5						
T	37.319424451	-80.601695922	615.4						
T	37.236343006	-80.657543329	669.1						
T	37.131198821	-80.700702539	642.7						
T	37.115047153	-80.701981202	648.9						
T	37.210090990	-80.647480977	696.6						
T	37.284544452	-80.619814430	510.9						
T	37.297844585	-80.617454387	491.5						
T	37.309070952	-80.621771804	548.0						
T	37.209902885	-80.692161099	736.7						
T	37.147453440	-80.717923202	607.4						
T	37.253094658	-80.670137869	602.5						
T	37.270098696	-80.663062908	618.6						
T	37.289384407	-80.659974267	633.0						
T	37.261611112	-80.682405301	580.1						
T	37.213649816	-80.707748707	673.4						
T	37.228898695	-80.698625052	591.5						
T	37.273219461	-80.671159663	600.7						
T	37.223405701	-80.681414700	760.0						
T	37.102852527	-80.722815682	645.3						
T	37.087230206	-80.727472979	645.5						
T	37.142649631	-80.694125352	617.1						
T	37.169924977	-80.662158406	604.1						
T	37.133931405	-80.628478276	596.4						
T	37.112971703	-80.612062444	580.5						
T	37.117780654	-80.626765159	607.8						
T	37.125140480	-80.646531079	606.4						
T	37.155953580	-80.732223732	620.0						
T	37.171218493	-80.770024932	582.5						
T	37.173503567	-80.775248129	627.4						
T	37.163462514	-80.746576672	692.8						
T	37.119149376	-80.604891766	629.3						
T	37.082505873	-80.512405383	608.3						
T	37.077908636	-80.497092856	582.4						
T	37.110667648	-80.570804627	599.2						
T	37.141370277	-80.696504067	635.2						
T	37.152073332	-80.769071516	753.1						
T	37.151636979	-80.773923072	780.7						
T	37.135149073	-80.643256805	619.6						
T	37.126627622	-80.591573651	529.8						
T	37.101306159	-80.450295897	647.4						
T	37.085652993	-80.358166964	658.0						
T	37.091772840	-80.363390558	604.9						
T	37.126141258	-80.465659396	636.6						
T	37.156895978	-80.593127339	595.2						
T	37.196210722	-80.715513813	586.4						
T	37.214181180	-80.738738171	570.3						
T	37.213073413	-80.620681793	607.9						
T	37.176052331	-80.451343315	611.7						
T	37.160484579	-80.407499641	639.1						
T	37.160325391	-80.427471732	622.8						
T	37.197923326	-80.589766731	575.3						
T	37.237708805	-80.704441003	561.5						
T	37.256034194	-80.724070384	594.6						
T	37.274605424	-80.583819827	757.8						
T	37.239763217	-80.408105364	655.0						
T	37.214223122	-80.365312713	476.7						
T	37.220604516	-80.454810056	630.7						
T	37.228835626	-80.503427737	589.2						
T	37.259205500	-80.698065287	636.9						
T	37.286131064	-80.811306594	951.6						
T	37.302460432	-80.803923155	1007.7						
T	37.302635161	-80.604136596	507.3						
T	37.255220511	-80.418570527	654.7						
T	37.236116745	-80.378498920	583.8						
T	37.242370344	-80.467795259	584.9						
T	37.279914891	-80.634299030	573.1						
T	37.292512590	-80.665468960	627.1						
T	37.330758795	-80.723207643	571.3						
T	37.347917315	-80.672175388	661.1						
T	37.313008348	-80.489501638	600.4						
T	37.261001473	-80.408891797	655.5						
T	37.252395634	-80.414869516	660.3						
T	37.254230287	-80.471117945	743.5						
T	37.277015173	-80.609023914	534.4						
T	37.306171046	-80.674205998	565.8						
T	37.318427861	-80.653170937	546.0						
T	37.285545087	-80.478785984	760.3						
T	37.216575587	-80.353529939	477.8						
T	37.185962485	-80.327961919	517.5						
T	37.211155047	-80.392610480	658.4						
T	37.272627374	-80.528303900	708.4						
T	37.327222532	-80.620858903	597.0						
T	37.347497977	-80.632300864	702.9						
T	37.354863102	-80.529227219	1309.3						
T	37.345793457	-80.462068968	675.5						
T	37.318332297	-80.402643217	625.7						
T	37.317090528	-80.427204601	855.1						
T	37.343682937	-80.577349074	839.6						
T	37.374250673	-80.697112102	680.6						
T	37.393149226	-80.725042614	774.7						
T	37.392819646	-80.661693727	607.4						
T	37.346292153	-80.467507787	653.2						
T	37.295831764	-80.363072915	642.7						
T	37.270730826	-80.324610122	544.9						
T	37.279604330	-80.403334147	675.4						
T	37.286683493	-80.445371125	715.2						
T	37.314966447	-80.600280823	580.8						
T	37.336880169	-80.688109350	560.5						
T	37.251880638	-80.607264658	580.0						
T	37.162024124	-80.599418199	605.0						
T	37.112838772	-80.639962127	581.9						
T	37.088379966	-80.715603275	632.3						
T	37.087283190	-80.731071815	626.7						
T	37.088645228	-80.743185714	611.8						
T	37.088586101	-80.750354551	614.0						
T	37.089732670	-80.755255138	627.2						
T	37.081311641	-80.675708608	642.1						
T	37.056948989	-80.515636811	622.6						
T	37.024500020	-80.422226503	670.3						
T	37.017945697	-80.418205903	676.2						
T	37.035553859	-80.548847030	585.6						
T	37.063909135	-80.706562761	607.7						
T	37.090699522	-80.796068661	644.3						
T	37.096641782	-80.802825981	632.3						
T	37.067260883	-80.668976791	625.5						
T	37.050094272	-80.620047369	562.1						
T	36.992277662	-80.518937829	641.7						
T	36.969841488	-80.516336975	631.4						
T	36.966476024	-80.559879336	841.0						
T	36.969800605	-80.595501478	855.1						
T	36.985954407	-80.714050156	611.5						
T	37.014631587	-80.837926631	805.6						
T	37.047227050	-80.880512573	700.3						
T	37.064075743	-80.865729156	733.6						
T	37.078995728	-80.716043570	615.7						
T	37.050300275	-80.552149379	595.5						
T	37.024897248	-80.498271517	689.3						
T	37.020697462	-80.516852228	621.5						
T	37.039874613	-80.659330090	574.4						
T	37.077714003	-80.780157637	674.6						
T	37.105051954	-80.814787407	645.9						
T	37.126196562	-80.700345889	652.4						
T	37.104113483	-80.557533463	612.1						
T	37.096798890	-80.521529759	666.0						
T	37.073975436	-80.456936196	629.1						
T	37.071820647	-80.472475688	633.7						
T	37.099444601	-80.596107879	596.3						
T	37.133791610	-80.757371057	606.9						
T	37.166377694	-80.844379608	645.4						
T	37.177730337	-80.806811674	949.3						
T	37.156784854	-80.622964867	616.4						
T	37.099147060	-80.499792279	616.9						
T	37.077808401	-80.481637863	614.6						
T	37.071875597	-80.478396309	641.5						
T	37.081363086	-80.526746180	610.7						
T	37.172428863	-80.600822181	580.1						
T	37.199085832	-80.612679036	533.6						
T	37.275655849	-80.646089538	640.4						
T	37.284682784	-80.650433835	599.5						
T	37.277725716	-80.674049319	570.6						
T	37.164719242	-80.731714225	638.1						
T	37.128687148	-80.742143538	636.6						
T	37.062771782	-80.750115634	618.2						
T	37.054792666	-80.734049978	613.7						
T	37.145133373	-80.672051520	639.8						
T	37.164629638	-80.664393195	569.6						
T	37.197659048	-80.659688762	612.9						
T	37.157822876	-80.696373741	606.2						
T	37.068654392	-80.735340738	604.1						
T	37.061705054	-80.734694760	607.6						
T	37.132423398	-80.687294730	640.7						
T	37.179153815	-80.660092450	541.0						
T	37.195122131	-80.644341070	573.8						
