type	latitude	longitude	altitude (m)	name	desc	kml_folder
T	36.776050475	-80.672705034	813.4	Untitled Path		Untitled Path.kml
T	36.437684910	-80.553691187	356.5			
T	36.427821151	-80.468012535	343.2			
T	36.414632767	-80.406158729	355.8			
T	36.363941745	-80.108645524	242.2			
T	36.338768150	-79.935303972	231.7			
T	36.307240611	-79.652526281	237.7			
T	36.285843149	-79.380593030	219.8			
T	36.270284900	-79.157446427	190.9			
T	36.270300969	-79.094225715	203.1			
T	36.270345148	-79.001031186	158.8			
T	36.273403087	-78.970862903	171.5			
T	36.285684544	-78.923266063	167.7			
T	36.320149831	-78.994541298	188.3			
T	36.335984275	-79.057634305	198.5			
T	36.348642937	-79.124640435	173.2			
T	36.364516000	-79.293680267	142.4			
T	36.367630718	-79.385317765	178.9			
T	36.364290969	-79.483626132	195.7			
T	36.361035085	-79.581825632	194.2			
T	36.335501314	-79.779456195	253.0			
T	36.300892917	-79.950475852	251.3			
T	36.285281219	-80.032042397	220.4			
T	36.254084806	-80.177016769	224.4			
T	36.229450094	-80.278565358	279.3			
T	36.214148583	-80.351489535	295.2			
T	36.211090847	-80.370656107	287.0			
T	36.205034267	-80.389117355	302.8			
T	36.214140372	-80.354796097	291.6			
T	36.220292489	-80.309794296	289.1			
T	36.232722098	-80.176427995	238.4			
T	36.238990230	-80.005082588	273.0			
T	36.239069645	-79.918945777	264.7			
T	36.239154810	-79.829554622	242.9			
T	36.239227629	-79.736901024	257.5			
T	36.239517719	-79.555039980	203.8			
T	36.239722653	-79.383147053	177.2			
T	36.242700055	-79.310429213	205.9			
T	36.248776857	-79.250829187	189.3			
T	36.254913309	-79.191073093	217.6			
T	36.279580973	-79.090488272	192.9			
T	36.292016391	-79.073224369	187.8			
T	36.326465173	-79.111984979	177.1			
T	36.387005071	-79.259563987	184.0			
T	36.429126709	-79.468856850	161.4			
T	36.452027701	-79.694158110	178.8			
T	36.458675299	-79.819308356	171.6			
T	36.451983889	-80.047031419	280.6			
T	36.431335381	-80.254330486	219.1			
T	36.414579250	-80.333686020	285.1			
T	36.379085045	-80.446210289	373.2			
T	36.347103893	-80.489852948	386.3			
T	36.334402580	-80.496946826	327.1			
T	36.331174408	-80.445166169	303.0			
T	36.334459534	-80.293228281	292.8			
T	36.348073316	-80.089073644	208.1			
T	36.354622275	-79.852551646	208.9			
T	36.354586997	-79.727112178	254.6			
T	36.351534794	-79.493302524	209.3			
T	36.342198179	-79.280213028	142.3			
T	36.345461211	-79.131515956	178.7			
T	36.348661955	-79.084054671	157.4			
T	36.358164445	-79.015850963	203.5			
T	36.361328002	-78.998709201	196.3			
T	36.374168172	-79.025112112	196.0			
T	36.413063254	-79.177108607	128.5			
T	36.429379707	-79.279817909	167.9			
T	36.455532892	-79.507768202	184.2			
T	36.462054589	-79.643023627	226.9			
T	36.471962006	-79.772088360	171.2			
T	36.475414216	-79.890582096	221.7			
T	36.471660440	-80.122992529	306.3			
T	36.447664468	-80.288657261	272.1			
T	36.408066707	-80.380544756	312.7			
T	36.388688877	-80.403782260	338.8			
T	36.375808101	-80.414588219	321.3			
T	36.362964918	-80.415074742	313.5			
T	36.340586622	-80.386136858	298.9			
T	36.300106067	-80.252617203	267.6			
T	36.288123676	-80.156436942	190.6			
T	36.266714415	-79.925871806	281.7			
T	36.254568135	-79.695160176	236.1			
T	36.245570536	-79.571910564	221.6			
T	36.242723210	-79.462585745	218.8			
T	36.239710209	-79.366618367	202.4			
T	36.236585065	-79.204712712	200.0			
T	36.242665168	-79.105350746	222.1			
T	36.248794893	-79.081907519	216.3			
T	36.254937036	-79.061719695	208.2			
T	36.282677974	-79.093688077	200.0			
T	36.351732938	-79.266637254	148.0			
T	36.409483270	-79.499005569	183.7			
T	36.432294311	-79.630651303	224.1			
T	36.452149671	-79.894750281	224.1			
T	36.448362156	-80.139914017	227.5			
T	36.417911028	-80.317157163	288.4			
T	36.391866951	-80.380432305	329.8			
T	36.337503920	-80.439859233	327.7			
T	36.281037785	-80.453494007	292.6			
T	36.238131806	-80.429937733	243.2			
T	36.214005857	-80.404402437	284.8			
T	36.175404494	-80.306881014	266.6			
T	36.163853277	-80.196529806	296.1			
T	36.184715938	-80.105306788	259.8			
T	36.208644167	-80.063205431	264.0			
T	36.275945344	-80.013906382	259.4			
T	36.361072249	-80.002803794	177.0			
T	36.402916751	-80.012243060	196.8			
T	36.445402096	-80.032209740	259.7			
T	36.488534605	-80.062978578	324.3			
T	36.549400103	-80.132298320	319.9			
T	36.580235831	-80.215587415	309.0			
T	36.555823938	-80.306791952	346.5			
T	36.518014631	-80.348464844	360.3			
T	36.385459749	-80.403055978	323.2			
T	36.211045940	-80.387181079	306.0			
T	36.131133442	-80.372259619	267.6			
T	36.062135991	-80.353319056	223.1			
T	36.017209471	-80.343130837	231.8			
T	35.978590514	-80.337545500	207.7			
T	36.011655809	-80.341874451	226.3			
T	36.067813295	-80.354608800	221.9			
T	36.211064182	-80.380570894	278.4			
T	36.327935859	-80.386704310	279.0			
T	36.411328389	-80.384710341	323.1			
T	36.437485878	-80.383525547	308.9			
T	36.457391982	-80.373995221	335.0			
T	36.356509032	-80.338558151	301.3			
T	36.190355312	-80.283743620	266.6			
T	36.070897694	-80.252633211	248.6			
T	36.034140031	-80.248264567	256.3			
T	35.998014109	-80.250338425	237.4			
T	36.042532005	-80.272310998	254.2			
T	36.119640937	-80.308011478	268.4			
T	36.293571605	-80.379058681	309.1			
T	36.427749174	-80.429880915	354.8			
T	36.504208352	-80.447365944	366.6			
T	36.521206619	-80.444232250	353.9			
T	36.534886643	-80.440297646	431.0			
T	36.511059865	-80.420813171	343.6			
T	36.337539634	-80.320979396	301.2			
T	36.238561651	-80.273779730	262.4			
T	36.070954455	-80.210954938	284.7			
T	35.954447870	-80.181954989	220.6			
T	35.903586544	-80.178327216	216.8			
T	35.900940124	-80.177813753	216.4			
T	35.987047814	-80.226024314	249.9			
T	36.154741737	-80.299230156	236.8			
T	36.238387077	-80.333546587	286.1			
T	36.385459749	-80.403055978	323.2			
T	36.460702790	-80.430436613	349.9			
T	36.484034319	-80.439242675	359.3			
T	36.411382333	-80.408882106	367.5			
T	36.309167065	-80.369029847	299.5			
T	36.134184823	-80.311136027	256.0			
T	36.067973157	-80.296919197	238.2			
T	35.978714540	-80.284086200	246.1			
T	35.948778979	-80.290154451	251.0			
T	35.951438009	-80.309496248	260.0			
T	35.978604385	-80.331253190	209.0			
T	36.139745290	-80.432899704	236.2			
T	36.318611033	-80.523565949	280.8			
T	36.440948669	-80.575372116	335.6			
T	36.474078403	-80.583894105	373.3			
T	36.511044434	-80.579320105	337.9			
T	36.424590486	-80.494962788	357.5			
T	36.337503920	-80.439859233	327.7			
T	36.247375388	-80.392116175	296.3			
T	36.172325665	-80.355412881	251.7			
T	36.056574842	-80.313659464	254.5			
T	35.989654855	-80.299050339	231.7			
T	35.967754240	-80.300559413	245.1			
T	35.989603731	-80.321114830	221.6			
T	36.134015659	-80.392452916	262.9			
T	36.315430826	-80.471929806	301.0			
T	36.382390009	-80.501939892	313.0			
T	36.434435159	-80.518167073	355.1			
T	36.470808256	-80.523617791	408.9			
T	36.504319877	-80.514252177	446.7			
T	36.504302439	-80.496650991	479.5			
T	36.350110925	-80.361017057	314.5			
T	36.290596263	-80.324625908	321.5			
T	36.111147373	-80.228560760	277.6			
T	36.000879310	-80.184606317	271.7			
T	35.959899759	-80.167367151	245.1			
T	36.037035364	-80.182015144	234.2			
T	36.256930751	-80.244162551	241.8			
T	36.353578926	-80.273330715	320.1			
T	36.421279293	-80.293723518	248.2			
T	36.464241214	-80.302408090	278.1			
T	36.507967730	-80.297227065	274.9			
T	36.508021409	-80.279698355	314.9			
T	36.347844064	-80.150072707	254.9			
T	36.260520520	-80.098248490	239.8			
T	36.034526560	-80.000481112	244.6			
T	35.912032450	-79.957342811	238.4			
T	35.877756299	-79.949315405	234.3			
T	35.957533369	-79.992008473	269.4			
T	36.094083573	-80.054555218	291.3			
T	36.306840467	-80.153028950	191.5			
T	36.511472490	-80.259316280	277.7			
T	36.535314033	-80.267421809	312.5			
T	36.501344537	-80.246865028	312.4			
T	36.303716188	-80.152479365	190.5			
T	36.199644869	-80.104547079	257.9			
T	36.028889144	-80.044019724	271.8			
T	35.941298008	-80.023771211	274.5			
T	35.917220532	-80.019954354	276.5			
T	35.990128174	-80.066112718	260.6			
T	36.226660026	-80.178631524	238.7			
T	36.421415195	-80.269638617	295.6			
T	36.518128649	-80.306287571	273.5			
T	36.521542770	-80.303456775	294.0			
T	36.451172135	-80.244297802	283.1			
T	36.257382903	-80.124361200	202.7			
T	36.099846017	-80.049047665	287.6			
T	36.054200702	-80.032161061	270.1			
T	36.026129940	-80.024563445	273.4			
T	36.085468971	-80.059581655	283.8			
T	36.357128242	-80.206056030	302.3			
T	36.632090931	-80.368652100	487.2			
T	36.757548487	-80.438803371	834.1			
T	36.721012924	-80.408934919	897.3			
T	36.542095798	-80.293450776	313.0			
T	36.248133739	-80.139384829	205.2			
T	35.954778846	-80.025909479	264.6			
T	35.911902565	-80.019111529	241.7			
T	36.131551764	-80.170911486	279.9			
T	36.266129734	-80.242623425	206.5			
T	36.411333308	-80.326119205	279.4			
T	36.534995035	-80.394400397	333.0			
T	36.638894491	-80.445722602	571.2			
T	36.652923052	-80.448798960	449.3			
T	36.441049431	-80.287333528	232.2			
T	36.205625411	-80.148408045	244.8			
T	36.054128973	-80.079980837	271.9			
T	36.014946497	-80.070242058	270.3			
T	36.244750609	-80.231804845	250.7			
T	36.528147985	-80.396432453	363.0			
T	36.666892029	-80.466332179	819.4			
T	36.497692558	-80.337194750	331.4			
T	36.226688754	-80.168707743	260.8			
T	36.009414953	-80.066162924	254.9			
T	35.906580665	-80.027530206	268.8			
T	35.893366136	-80.025409760	250.1			
T	36.309360186	-80.291504141	303.3			
T	36.521302199	-80.405500064	393.9			
T	36.576220389	-80.431860236	411.7			
T	36.391881652	-80.311782657	444.4			
T	36.163867680	-80.173645896	299.0			
T	36.012111470	-80.104538420	277.6			
T	35.946579494	-80.080682735	219.3			
T	36.211395797	-80.261673904	270.3			
T	36.470670466	-80.401285803	309.1			
T	36.586531205	-80.455559719	437.6			
T	36.607409221	-80.445938284	454.0			
T	36.586622870	-80.416321105	442.7			
T	36.454296115	-80.289984703	295.5			
T	36.214680071	-80.113697828	234.6			
T	36.028946009	-79.999639793	253.9			
T	36.054224051	-80.013036671	266.4			
T	36.325693101	-80.149594669	226.2			
T	36.525133044	-80.240825970	351.9			
T	36.590561166	-80.249519661	373.7			
T	36.351309538	-80.072633432	194.4			
T	36.140495583	-79.951649355	280.0			
T	35.993265644	-79.881121120	253.5			
T	36.023601262	-79.907079059	247.1			
T	36.297780708	-80.057457275	222.1			
T	36.515193453	-80.165259350	338.3			
T	36.597633743	-80.200870134	340.5			
T	36.438609762	-80.100271087	294.8			
T	36.248160442	-79.986509356	291.4			
T	36.105721272	-79.914647211	256.1			
T	36.018115023	-79.877932303	249.1			
T	36.169871667	-79.968767897	267.3			
T	36.254321608	-80.007356054	268.8			
T	36.432095265	-80.081975198	282.9			
T	36.488469617	-80.097859256	326.7			
T	36.272860084	-79.953362142	261.8			
T	36.085767137	-79.854345391	256.3			
T	35.987867811	-79.814542922	249.3			
T	35.971466515	-79.809582772	249.4			
T	36.181808092	-79.924632010	245.8			
T	36.451973561	-80.050491704	300.1			
T	36.686269204	-80.151179907	351.7			
T	36.594554500	-80.093432780	325.5			
T	36.338744708	-79.952210124	228.4			
T	36.167057847	-79.877030131	239.9			
T	36.094345109	-79.858571821	270.5			
T	36.080041671	-79.863269375	267.1			
T	36.279059720	-80.027748159	231.3			
T	36.370436858	-80.082468628	238.7			
T	36.518533506	-80.176364638	313.1			
T	36.549201521	-80.206461695	358.6			
T	36.322776020	-80.088362051	197.5			
T	36.082661627	-79.969305571	276.7			
T	36.031837115	-79.952519354	260.8			
T	35.998583882	-79.951000517	230.4			
T	36.143388701	-80.059279685	276.0			
T	36.350961695	-80.164189074	261.4			
T	36.471280322	-80.209861309	286.1			
T	36.498081923	-80.211258318	328.4			
T	36.431846412	-80.150920057	269.7			
T	36.211624056	-79.997729674	284.4			
T	35.979561973	-79.885661541	227.1			
T	35.947015832	-79.872186521	224.6			
T	36.068479736	-79.941712615	265.3			
T	36.322879492	-80.058024466	200.2			
T	36.549320591	-80.160544721	327.4			
T	36.639792718	-80.186716556	347.2			
T	36.563130664	-80.134554041	300.4			
T	36.285254476	-79.968432619	264.1			
T	36.043274477	-79.855666601	252.5			
T	35.888456535	-79.800372871	246.1			
T	35.859693967	-79.794138065	228.1			
T	35.904285258	-79.817530029	231.9			
T	36.181792621	-79.934447247	261.1			
T	36.419197413	-80.014596267	225.1			
T	36.522217783	-80.036487067	269.2			
T	36.475205680	-80.008756860	284.6			
T	36.251365576	-79.884022575	247.3			
T	36.060284974	-79.800343091	251.8			
T	35.963367082	-79.774365623	242.0			
T	35.944431092	-79.775512807	244.1			
T	36.007140309	-79.826151992	243.8			
T	36.380307136	-80.005566903	197.2			
T	36.498595154	-80.057515204	311.1			
T	36.522209715	-80.057561833	310.7			
T	36.488548352	-80.035066264	320.6			
T	36.300926329	-79.926992918	239.9			
T	36.126095251	-79.852659233	262.4			
T	36.046143712	-79.824238372	250.6			
T	36.032129733	-79.825826189	245.4			
T	36.091434232	-79.880685708	280.0			
T	36.354611138	-80.035817171	202.0			
T	36.563127062	-80.138096599	307.7			
T	36.636290943	-80.168140362	344.8			
T	36.383515007	-80.009441011	195.6			
T	36.175892161	-79.910782200	242.1			
T	36.046064248	-79.865532855	242.9			
T	36.012608677	-79.861472819	260.2			
T	36.152168773	-79.992305208	263.6			
T	36.389558250	-80.133395178	246.0			
T	36.525211964	-80.209175795	314.3			
T	36.549159920	-80.224128371	361.3			
T	36.329050158	-80.096133894	180.3			
T	36.239015807	-80.048202487	223.1			
T	36.114276252	-79.973841983	284.1			
T	35.936212320	-79.901871433	233.9			
T	35.862195672	-79.876828063	218.8			
T	36.037371014	-79.972335977	266.0			
T	36.279084561	-80.074584834	257.5			
T	36.435222438	-80.127336295	268.5			
T	36.491714831	-80.129794521	315.8			
T	36.361017590	-80.026585616	189.6			
T	36.181792621	-79.934447247	261.1			
T	36.018135936	-79.868459317	259.8			
T	35.960553639	-79.861403452	234.0			
T	35.984990428	-79.902033378	247.3			
T	36.205629441	-80.026490199	253.3			
T	36.376816330	-80.093717505	257.5			
T	36.412379362	-80.106344682	244.3			
T	36.435309247	-80.103189572	301.5			
T	36.373785318	-80.038701712	203.2			
T	36.120277256	-79.861662318	250.6			
T	36.023782001	-79.821721573	241.4			
T	36.007143670	-79.819849939	242.5			
T	36.054556150	-79.844284596	260.1			
T	36.310297205	-79.955108643	237.4			
T	36.522221679	-80.018926705	248.6			
T	36.539214716	-80.021346971	280.5			
T	36.448772317	-79.956589154	200.3			
T	36.239155671	-79.836176773	256.4			
T	36.094494667	-79.781553556	224.7			
T	36.032221723	-79.771998801	237.7			
T	36.060284974	-79.800343091	251.8			
T	36.300902874	-79.943766140	260.5			
T	36.559731639	-80.077352556	276.4			
T	36.587548037	-80.092332501	321.4			
T	36.566641744	-80.081961599	260.3			
T	36.345121373	-79.942908857	253.6			
T	36.018292662	-79.773740412	240.8			
T	35.885987429	-79.723441656	229.5			
T	35.865058778	-79.721482266	234.6			
T	36.032182045	-79.794160466	226.4			
T	36.266766686	-79.882576682	252.3			
T	36.409495974	-79.927393638	192.5			
T	36.458750513	-79.926723078	206.1			
T	36.383521543	-79.869476950	202.9			
T	36.185024147	-79.761415625	235.7			
T	36.035121132	-79.696263304	197.7			
T	35.979849609	-79.679040345	220.0			
T	36.196874067	-79.792073366	240.2			
T	36.448845128	-79.897813380	239.4			
T	36.612164820	-79.978212480	290.5			
T	36.654855396	-79.987528973	283.1			
T	36.591135481	-79.950503421	320.7			
T	36.445502645	-79.862850928	223.8			
T	36.269834937	-79.779651398	256.7			
T	36.071784220	-79.702589304	217.4			
T	36.046341478	-79.700397334	215.7			
T	36.035117710	-79.699430396	198.5			
T	36.205799661	-79.829142631	258.3			
T	36.377111900	-79.913044359	193.6			
T	36.448789728	-79.949676231	201.1			
T	36.515457418	-79.979389298	216.1			
T	36.478608650	-79.953560280	207.0			
T	36.276028868	-79.830307897	251.2			
T	36.111826780	-79.747906371	223.5			
T	36.015613930	-79.707218574	223.0			
T	35.993528508	-79.702138969	222.9			
T	36.063208274	-79.752844127	237.5			
T	36.279156827	-79.864048121	249.6			
T	36.445505754	-79.945793300	213.2			
T	36.522230962	-79.976792082	268.9			
T	36.481942527	-79.953994763	223.1			
T	36.345088217	-79.875171694	205.7			
T	36.181983322	-79.793810562	230.4			
T	36.100282839	-79.759658663	239.1			
T	35.988009553	-79.723606150	225.5			
T	35.963455699	-79.718230808	216.8			
T	35.974308516	-79.741104920	242.2			
T	36.146487759	-79.861541818	244.3			
T	36.282192253	-79.937922917	269.6			
T	36.451994340	-80.033178840	287.5			
T	36.532383816	-80.076689625	274.1			
T	36.380356287	-79.964629880	167.9			
T	36.214818392	-79.849906858	238.5			
T	36.032252492	-79.753003909	230.8			
T	35.963459832	-79.715112481	207.5			
T	35.901879175	-79.681861325	222.4			
T	35.982539054	-79.716839719	241.7			
T	36.202822145	-79.805819697	244.2			
T	36.294676518	-79.839064863	258.0			
T	36.393216148	-79.870602159	181.5			
T	36.412704183	-79.869431459	197.7			
T	36.242250067	-79.750416740	241.1			
T	36.100391785	-79.676146258	207.3			
T	36.018454217	-79.638041961	198.1			
T	35.917898817	-79.599870279	219.9			
T	35.899334375	-79.595576193	215.5			
T	36.106136504	-79.689470288	234.7			
T	36.294661580	-79.762043244	236.3			
T	36.396376170	-79.785458596	174.8			
T	36.179265365	-79.630211031	204.8			
T	35.977277658	-79.544379197	189.8			
T	35.966374491	-79.540682420	188.9			
T	35.993708138	-79.557799316	193.5			
T	36.200093208	-79.657893082	246.7			
T	36.313441948	-79.706717151	227.6			
T	36.425701857	-79.757400247	218.0			
T	36.563494700	-79.823178607	270.1			
T	36.615923419	-79.835766273	225.5			
T	36.465305071	-79.736797092	190.6			
T	36.273088495	-79.633399230	221.4			
T	36.021438003	-79.534100625	181.9			
T	35.952842483	-79.521320209	191.8			
T	36.123548766	-79.619906398	228.0			
T	36.288499141	-79.691264301	231.3			
T	36.406122856	-79.735043367	234.7			
T	36.442131995	-79.745118015	221.3			
T	36.251576957	-79.635231507	222.7			
T	36.112076505	-79.577290993	222.4			
T	35.993740937	-79.542116193	195.8			
T	35.952806480	-79.539971887	192.8			
T	36.109044546	-79.657531921	231.4			
T	36.341847683	-79.769940063	262.7			
T	36.573829803	-79.877397891	263.9			
T	36.601791644	-79.887726691	254.2			
T	36.529293231	-79.840736643	220.8			
T	36.307173787	-79.706191875	234.0			
T	36.100458004	-79.615133039	224.2			
T	35.952782827	-79.574175958	206.0			
T	35.939309642	-79.579573321	205.8			
T	36.132194464	-79.701331664	226.5			
T	36.402872810	-79.816914369	200.1			
T	36.462017512	-79.833522687	190.4			
T	36.419145396	-79.798007410	179.3			
T	36.294686146	-79.711840012	225.6			
T	36.126442508	-79.623330633	226.9			
T	35.955491532	-79.561891177	198.1			
T	35.878319557	-79.539147291	228.6			
T	36.300913178	-79.722422412	222.7			
T	36.380233650	-79.753202509	263.7			
T	36.428977587	-79.768025756	198.2			
T	36.461980993	-79.767680525	200.0			
T	36.425702932	-79.733330958	223.4			
T	36.185356228	-79.568525400	200.8			
T	35.947526721	-79.465171066	185.7			
T	35.763466977	-79.396019786	180.6			
T	35.907407840	-79.436032367	192.2			
T	36.129589246	-79.516946293	194.1			
T	36.438880960	-79.631090906	226.2			
T	36.498891029	-79.656025426	147.7			
T	36.543098304	-79.666206087	159.4			
T	36.505653634	-79.649521342	177.1			
T	36.364236194	-79.575223274	175.0			
T	36.179551403	-79.499644864	195.0			
T	35.999419724	-79.441911885	163.0			
T	35.907422935	-79.426800327	176.4			
T	35.881012510	-79.429128856	174.9			
T	36.032615894	-79.525173295	179.6			
T	36.212187726	-79.599615948	218.9			
T	36.376998127	-79.664398969	229.4			
T	36.468655356	-79.692011305	169.3			
T	36.495475495	-79.690637319	152.1			
T	36.310473196	-79.558796962	207.8			
T	36.188466008	-79.500016128	203.0			
T	36.077879622	-79.457083575	193.3			
T	36.066513747	-79.456705196	193.4			
T	36.224391639	-79.537763434	214.2			
T	36.402880898	-79.611588621	195.4			
T	36.452107651	-79.628519306	228.6			
T	36.539679132	-79.658925458	157.4			
T	36.282472325	-79.547304530	233.1			
T	36.150066858	-79.495173682	182.9			
T	36.038330132	-79.452600352	165.1			
T	35.963841985	-79.428363280	175.8			
T	35.955710459	-79.421916867	199.4			
T	35.963856828	-79.419015441	180.9			
T	36.029947843	-79.430196136	159.7			
T	36.083589692	-79.444480111	180.6			
T	36.203415271	-79.487515603	212.0			
T	36.332497071	-79.539741958	188.4			
T	36.399674910	-79.570374220	193.9			
T	36.465433466	-79.601690067	191.2			
T	36.637259206	-79.690966210	271.4			
T	36.712844328	-79.740400982	223.9			
T	36.644331159	-79.716635609	275.7			
T	36.522600240	-79.664719517	171.9			
T	36.345122192	-79.580913826	182.2			
T	36.285566703	-79.547461936	237.9			
T	36.150097278	-79.475710294	201.1			
T	36.072198491	-79.431369460	187.5			
T	36.010499692	-79.391878822	178.8			
T	35.947664431	-79.350288661	154.5			
T	35.928857296	-79.337720683	159.0			
T	35.923504329	-79.325324401	158.4			
T	35.934205116	-79.325379155	152.3			
T	35.961166762	-79.325517068	168.9			
T	36.135488616	-79.358749673	177.9			
T	36.264224665	-79.390208871	209.1			
T	36.323234068	-79.408108033	216.9			
T	36.432448859	-79.434574440	169.9			
T	36.550117721	-79.476485705	180.6			
T	36.577753310	-79.495151967	136.3			
T	36.429126829	-79.465419512	150.3			
T	36.291967199	-79.430818895	220.4			
T	36.170731762	-79.401529049	182.7			
T	36.021580461	-79.360537739	160.6			
T	35.991193861	-79.353883916	151.7			
T	35.953059228	-79.344128104	140.7			
T	35.977503840	-79.347478798	137.4			
T	36.106522673	-79.374471259	161.2			
T	36.224544053	-79.405956186	181.8			
T	36.285778217	-79.423979041	210.1			
T	36.399725463	-79.464444047	206.3			
T	36.488928646	-79.502199327	177.2			
T	36.550096369	-79.536363684	175.7			
T	36.462172152	-79.521887512	193.7			
T	36.221527914	-79.438823727	176.7			
T	36.077884906	-79.396388941	189.3			
T	35.969336935	-79.362997552	155.8			
T	35.931534152	-79.356306349	165.0			
T	35.883747253	-79.343489236	160.3			
T	35.883747253	-79.343489236	160.3			
T	36.004965199	-79.369760596	169.9			
T	36.144272113	-79.410694371	164.3			
T	36.291920653	-79.457551463	213.8			
T	36.478854937	-79.529573644	197.8			
T	36.550081672	-79.557498199	154.2			
T	36.570777086	-79.569161127	171.2			
T	36.448896837	-79.524749750	175.3			
T	36.370689669	-79.490657387	228.7			
T	36.230619936	-79.432485693	195.7			
T	36.103648110	-79.387274609	166.5			
T	36.055194889	-79.367320985	146.5			
T	35.996686521	-79.347668690	144.9			
T	35.974767921	-79.334957300	163.9			
T	36.013243545	-79.338382972	142.9			
T	36.233643176	-79.396250068	187.2			
T	36.439000974	-79.462302914	169.5			
T	36.563898376	-79.505218664	172.9			
T	36.581221815	-79.513004906	175.8			
T	36.416018645	-79.454699910	196.5			
T	36.255018082	-79.403305196	226.1			
T	36.046729124	-79.341819477	180.8			
T	35.999426539	-79.328853286	162.3			
T	35.928833675	-79.306798544	145.8			
T	35.939549370	-79.297511136	164.7			
T	35.966567662	-79.294365563	174.7			
T	36.055137341	-79.294214051	176.8			
T	36.248813604	-79.313751604	215.0			
T	36.374093387	-79.331049385	167.8			
T	36.492510415	-79.338715122	135.8			
T	36.516197860	-79.335391506	137.6			
T	36.245720471	-79.250861950	208.2			
T	36.015926899	-79.196582045	195.9			
T	35.886345976	-79.171972677	159.3			
T	35.868017344	-79.163349925	189.0			
T	35.878467413	-79.159968305	150.6			
T	36.055075043	-79.170255774	199.4			
T	36.206345848	-79.192200225	210.1			
T	36.332726336	-79.219595182	181.7			
T	36.469137936	-79.244985384	155.4			
T	36.502735078	-79.248085673	168.6			
T	36.426105084	-79.224871561	155.6			
T	36.273371177	-79.167340639	196.6			
T	36.147055616	-79.128729944	211.3			
T	36.035316277	-79.098020876	191.6			
T	35.958328512	-79.082729127	164.4			
T	35.982816748	-79.084681616	208.4			
T	36.179503866	-79.150384809	210.9			
T	36.323268686	-79.206301664	161.0			
T	36.390271520	-79.232254381	164.9			
T	36.512865086	-79.300412569	113.7			
T	36.595392289	-79.360793051	130.2			
T	36.588408953	-79.364260901	159.2			
T	36.301332753	-79.307182696	167.9			
T	36.155877057	-79.277803471	179.1			
T	36.038247352	-79.268908643	188.9			
T	36.018733662	-79.278509306	187.6			
T	36.063640426	-79.316489835	178.2			
T	36.239737791	-79.409593873	209.7			
T	36.492283365	-79.523225325	186.2			
T	36.598623901	-79.570635122	200.7			
T	36.529544463	-79.538914098	153.7			
T	36.389998063	-79.464121424	206.3			
T	36.055163112	-79.319642176	192.2			
T	35.988406887	-79.297461136	175.2			
T	35.944916868	-79.285093299	174.0			
T	35.918128980	-79.279024198	155.7			
T	35.904848068	-79.276016374	155.4			
T	36.089282038	-79.348588425	183.2			
T	36.329461516	-79.445288640	202.6			
T	36.432410263	-79.493046783	160.8			
T	36.468838511	-79.511787286	185.0			
T	36.251935283	-79.426439123	206.3			
T	36.016017107	-79.341556605	174.1			
T	35.974763459	-79.328710123	161.0			
T	36.066503779	-79.357920819	160.1			
T	36.313781112	-79.434756706	224.8			
T	36.448911651	-79.476430164	170.8			
T	36.482221217	-79.474132025	190.8			
T	36.221452624	-79.326856469	198.9			
T	36.120878417	-79.284430805	181.4			
T	36.057948609	-79.256045340	184.8			
T	36.112193201	-79.278028551	184.2			
T	36.282706862	-79.337181105	199.0			
T	36.419392779	-79.393061032	167.6			
T	36.432506713	-79.400182538	138.7			
T	36.396592223	-79.385810643	187.2			
T	36.254953710	-79.327030690	203.6			
T	36.135396333	-79.277909075	185.7			
T	36.035442456	-79.253104321	189.9			
T	36.015952752	-79.247007684	201.5			
T	36.230552877	-79.333502133	211.8			
T	36.374030198	-79.385426501	174.6			
T	36.412855297	-79.392940096	174.7			
T	36.267234048	-79.317120882	220.5			
T	36.109314209	-79.265181064	189.9			
T	36.046669001	-79.249812300	203.4			
T	36.027069528	-79.246874779	204.1			
T	36.089206987	-79.271743395	196.2			
T	36.212380797	-79.316949672	213.6			
T	36.258025065	-79.330364816	202.0			
T	36.279613109	-79.340491763	212.4			
T	36.236621757	-79.323632065	200.5			
T	36.112194153	-79.274811045	187.9			
T	36.046669857	-79.252984914	201.6			
T	36.013176927	-79.234442059	191.5			
T	36.063602676	-79.236883485	208.7			
T	36.188417908	-79.244935662	205.8			
T	36.221401974	-79.247830455	211.0			
T	36.288850569	-79.243719024	185.2			
T	36.264123702	-79.224084551	164.7			
T	36.144173097	-79.174193940	187.9			
T	36.074905882	-79.160114158	193.8			
T	36.052237822	-79.154453647	188.8			
T	36.021435515	-79.149123614	210.9			
T	36.066389739	-79.166747080	175.3			
T	36.191403885	-79.208905984	215.7			
T	36.380534555	-79.276636605	175.5			
T	36.452456852	-79.307340591	159.8			
T	36.469083990	-79.314288073	146.4			
T	36.409718435	-79.283330906	158.2			
T	36.188425347	-79.182802713	211.9			
T	36.077732201	-79.140862839	183.3			
T	36.010303462	-79.114864714	188.6			
T	35.985522149	-79.103346469	155.0			
T	36.021380611	-79.104947553	202.8			
T	36.103482497	-79.120697768	209.5			
T	36.200342620	-79.136603506	212.8			
T	36.224425551	-79.139058096	213.8			
T	36.276471001	-79.140602002	201.8			
T	36.288879568	-79.130163179	197.4			
T	36.261060074	-79.091305468	210.1			
T	36.135484545	-79.006218805	168.4			
T	36.055213108	-78.966725898	124.0			
T	36.038339188	-78.955267639	139.9			
T	36.153012991	-78.982383089	165.3			
T	36.270342566	-79.017674803	177.2			
T	36.403326665	-79.057656170	187.1			
T	36.429523407	-79.070099667	170.9			
T	36.248826873	-78.999070263	184.1			
T	36.092164350	-78.948017311	182.8			
T	36.058049634	-78.937866912	105.2			
T	36.024407457	-78.924699654	106.2			
T	36.058044772	-78.931500393	114.1			
T	36.176578814	-78.974260664	174.4			
T	36.239650992	-79.042647680	186.2			
T	36.282654550	-79.183757392	211.8			
T	36.295121651	-79.400807385	214.7			
T	36.276255684	-79.566977018	236.7			
T	36.226951283	-79.851314012	242.6			
T	36.217698011	-79.962332005	248.7			
T	36.217681551	-80.001924003	252.5			
T	36.214675247	-80.044373146	220.4			
T	36.275998225	-79.927086057	250.5			
T	36.297826682	-79.872943853	257.4			
T	36.332350617	-79.725168514	228.4			
T	36.345233796	-79.459267508	158.4			
T	36.335900162	-79.209423748	146.5			
T	36.332798899	-79.084766829	184.8			
T	36.332817166	-79.061165724	197.9			
T	36.329563669	-79.226384846	189.9			
T	36.323304664	-79.327386445	187.6			
T	36.288547101	-79.651171243	216.2			
T	36.257407786	-79.961230981	285.5			
T	36.229561481	-80.235493831	226.2			
T	36.223348965	-80.297190484	283.9			
T	36.238757033	-80.190804722	251.5			
T	36.245173826	-79.929687971	277.5			
T	36.242230809	-79.760345506	246.2			
T	36.245627969	-79.545432520	220.6			
T	36.251948381	-79.393297412	199.9			
T	36.254978450	-79.350243709	204.6			
T	36.239640986	-79.488928584	214.8			
T	36.239335848	-79.664143216	229.9			
T	36.238999782	-80.018348702	260.6			
T	36.235587494	-80.249942942	250.3			
T	36.232522254	-80.262604895	262.5			
T	36.245011375	-80.155439881	243.3			
T	36.233036976	-79.855326468	252.9			
T	36.221156010	-79.639703007	245.4			
T	36.185491860	-79.326670254	216.6			
T	36.161724238	-79.111929742	193.2			
T	36.158882225	-79.043768100	169.1			
T	36.161826522	-79.027340036	164.6			
T	36.155828055	-79.099174558	200.9			
T	36.150029712	-79.180522697	200.0			
T	36.129674622	-79.368369203	189.8			
T	36.100282839	-79.759658663	239.1			
T	36.079790584	-80.007355213	262.9			
T	36.056880584	-80.121937628	286.0			
T	36.051184863	-80.140057480	274.1			
T	36.056930022	-80.096410610	266.7			
T	36.074135430	-79.955286614	251.1			
T	36.082866712	-79.876420774	270.3			
T	36.097547280	-79.630981214	219.9			
T	36.100616346	-79.547724850	208.5			
T	36.100760576	-79.464265857	196.6			
T	36.103648110	-79.387274609	166.5			
T	36.109365263	-79.323062028	165.4			
T	36.117993080	-79.229674656	192.2			
T	36.123790108	-79.200553704	209.5			
T	36.129589055	-79.174590015	183.1			
T	36.132506501	-79.210060222	216.8			
T	36.135513788	-79.436365093	178.5			
T	36.132197551	-79.698097669	224.8			
T	36.126082966	-79.859122247	253.2			
T	36.108497853	-80.034300349	290.4			
T	36.099789107	-80.087684340	293.2			
T	36.094007733	-80.102794174	283.3			
T	36.105612239	-80.030623158	282.8			
T	36.134880825	-79.818071039	251.8			
T	36.138230027	-79.565883013	224.4			
T	36.138392560	-79.478515857	172.0			
T	36.129583449	-79.261791364	187.6			
T	36.135373013	-79.135627735	212.1			
T	36.144096704	-79.106159855	199.8			
T	36.152904139	-79.115530917	207.5			
T	36.230498482	-79.290613940	227.8			
T	36.279374717	-79.550480676	236.9			
T	36.294645843	-79.812262785	225.0			
T	36.263573051	-80.018728726	243.0			
T	36.214682234	-80.100490379	243.4			
T	36.193662282	-80.106823819	250.8			
T	36.167019826	-79.906379708	262.2			
T	36.176170105	-79.737707938	241.7			
T	36.191149584	-79.650677668	218.9			
T	36.251952172	-79.399926177	207.8			
T	36.329578109	-79.206176613	154.1			
T	36.400070465	-79.105670807	125.2			
T	36.419640954	-79.094590313	150.0			
T	36.502692270	-79.143421501	164.5			
T	36.550409902	-79.328575641	170.4			
T	36.519279312	-79.594445907	187.7			
T	36.448778015	-79.842476251	206.7			
T	36.377065099	-80.015329001	189.5			
T	36.329097890	-80.082632300	214.5			
T	36.319768292	-80.047429095	176.5			
T	36.251476404	-79.714802734	250.0			
T	36.215484696	-79.445228299	196.4			
T	36.209339351	-79.234830305	210.5			
T	36.254907950	-79.111478422	200.6			
T	36.348633159	-79.155076409	153.1			
T	36.462384572	-79.331573113	156.5			
T	36.502396166	-79.523674799	169.7			
T	36.482048441	-79.679160879	194.8			
T	36.409375746	-79.745611226	235.6			
T	36.329189029	-79.731634277	244.4			
T	36.266846482	-79.699495123	213.2			
T	36.200111201	-79.641494587	238.9			
T	36.112166077	-79.535458959	204.7			
T	36.055170999	-79.329177664	182.1			
T	36.066439341	-79.243215920	201.4			
T	36.120858038	-79.155484760	175.3			
T	36.161758149	-79.137944475	200.0			
T	36.291969473	-79.196895552	202.1			
T	36.452360736	-79.369498967	155.9			
T	36.522733653	-79.531585523	183.9			
T	36.492191975	-79.620721519	203.8			
T	36.383420666	-79.634206461	221.2			
T	36.212315000	-79.543741450	191.0			
T	36.103653459	-79.409759272	167.6			
T	36.069318359	-79.326071994	188.9			
T	36.069270575	-79.227239178	222.6			
T	36.132487569	-79.161584290	177.0			
T	36.167670580	-79.154019429	203.7			
T	36.295098507	-79.153351933	158.0			
T	36.361383716	-79.171642591	191.7			
T	36.179466604	-79.111215000	199.9			
T	36.097739736	-79.085626934	169.4			
T	35.966542678	-79.035536545	155.2			
T	35.894326933	-79.015173711	79.7			
T	35.918167051	-79.013656484	74.3			
T	36.138328104	-79.064318007	187.6			
T	36.254921529	-79.084941780	210.8			
T	36.358209068	-79.107348043	131.8			
T	36.374227829	-79.106706669	162.3			
T	36.221415852	-79.046935696	200.1			
T	36.018774862	-78.997769760	160.3			
T	35.947665984	-78.990021412	83.0			
T	35.926197013	-78.994584896	98.6			
T	36.074903700	-79.067524374	178.7			
T	36.304473069	-79.126253831	195.1			
T	36.367807423	-79.117149511	129.0			
T	36.239659985	-79.002960187	185.2			
T	36.058040651	-78.925133653	100.0			
T	35.972084972	-78.900843205	111.5			
T	36.224452424	-78.970944900	194.5			
T	36.370926860	-79.001510551	212.7			
T	36.492760454	-79.018345157	146.0			
T	36.506261029	-79.010588498	127.7			
T	36.432676754	-78.952951908	195.5			
T	36.126793565	-78.825807369	80.5			
T	35.982959875	-78.799601065	97.8			
T	35.952981188	-78.799785999	94.8			
T	35.980219724	-78.821835613	101.3			
T	36.155944961	-78.900916565	128.3			
T	36.203347535	-78.916599169	154.8			
T	36.273335282	-78.937561658	165.3			
T	36.276429299	-78.940659684	169.8			
T	36.233534087	-78.937276472	166.1			
T	36.215360973	-78.938667806	176.2			
T	36.188434392	-78.943989063	170.2			
T	36.173609398	-78.945104333	167.7			
T	36.173599957	-78.928791941	151.5			
T	36.164744258	-78.926231757	151.6			
T	36.224451651	-78.967647685	190.4			
T	36.317062119	-79.041785125	190.8			
T	36.387111973	-79.123233899	178.8			
T	36.380651809	-79.150702536	185.2			
T	36.307594100	-79.156318396	170.0			
T	36.188408522	-79.133747768	217.6			
T	36.135368968	-79.132394014	214.9			
T	36.155892566	-79.157635911	202.0			
T	36.276445954	-79.260524460	199.4			
T	36.351771418	-79.320768236	181.1			
T	36.364486147	-79.344560821	172.3			
T	36.335921662	-79.337568995	184.9			
T	36.304482174	-79.327288505	205.5			
T	36.239637774	-79.300507793	217.6			
T	36.209333991	-79.287380580	215.8			
T	36.158817757	-79.274538713	183.8			
T	36.135414729	-79.290842931	179.3			
T	36.153037133	-79.362206571	214.3			
T	36.179616326	-79.408244212	183.9			
T	36.242673312	-79.495662621	223.1			
T	36.326119193	-79.610124568	227.0			
T	36.364165282	-79.677024707	219.4			
T	36.367374195	-79.690859603	238.4			
T	36.338678763	-79.675063122	232.0			
T	36.215290649	-79.560338253	218.6			
T	36.138387684	-79.481751615	187.0			
T	36.060857223	-79.405592074	185.9			
T	36.046750930	-79.386239723	169.6			
T	36.080733696	-79.393250221	189.1			
T	36.209454070	-79.458186413	195.4			
T	36.326204280	-79.515871088	215.3			
T	36.341997297	-79.523321265	211.5			
T	36.288795253	-79.474149560	223.3			
T	36.224545621	-79.409251596	192.5			
T	36.147145092	-79.329714038	201.9			
T	36.100678335	-79.265249231	191.7			
T	36.230525498	-79.310408095	219.1			
T	36.310756362	-79.340740420	177.1			
T	36.329604563	-79.347626589	196.5			
T	36.288880444	-79.310509276	192.6			
T	36.248768156	-79.267387922	206.8			
T	36.206342284	-79.228307768	216.3			
T	36.132477486	-79.151889277	188.8			
T	36.052237338	-79.068668962	186.4			
T	36.038237461	-79.034518040	137.8			
T	36.043862867	-79.027845573	139.7			
T	36.126743834	-79.029376743	171.1			
T	36.282696165	-79.070331538	192.6			
T	36.348658959	-79.087437284	178.0			
T	36.367823651	-79.086589780	178.4			
T	36.329662034	-79.041106319	205.0			
T	36.282722879	-78.996915485	181.4			
T	36.155955576	-78.887907544	161.4			
T	36.118089853	-78.855731722	93.7			
T	36.063761564	-78.803468317	75.8			
T	36.066592995	-78.774428976	74.5			
T	36.153063669	-78.767864224	83.5			
T	36.258031832	-78.782549790	149.3			
T	36.288898992	-78.785890930	171.3			
T	36.212426719	-78.728212250	149.2			
T	36.164731641	-78.694816157	96.0			
T	36.089107999	-78.643526697	79.2			
T	36.032450359	-78.607110852	93.4			
T	36.106325622	-78.637874396	101.1			
T	36.264169261	-78.711968393	141.2			
T	36.326444174	-78.744770953	150.6			
T	36.432612169	-78.801454730	190.3			
T	36.442480298	-78.814260363	173.3			
T	36.276510627	-78.750507073	161.8			
T	36.086359598	-78.685609130	102.3			
T	36.069279129	-78.684667366	100.7			
T	36.057962393	-78.686167695	85.3			
T	36.251901924	-78.786534878	139.1			
T	36.358099872	-78.842937886	171.5			
T	36.462411295	-78.895432113	150.5			
T	36.197443970	-78.779261266	108.3			
T	36.129710008	-78.754318768	110.5			
T	35.966470472	-78.717058733	137.5			
T	36.077949560	-78.801946749	76.9			
T	36.245722666	-78.896587479	152.7			
T	36.285684544	-78.923266063	167.7			
T	36.339007296	-78.959584687	180.0			
T	36.257959877	-78.898871162	204.3			
T	36.176631995	-78.784812032	128.3			
T	36.170645599	-78.690788541	91.7			
T	36.197427842	-78.651182091	123.6			
T	36.215447180	-78.642113157	122.4			
T	36.358144300	-78.690199205	158.2			
T	36.529915820	-78.865285180	132.0			
T	36.609621922	-79.033066943	137.4			
T	36.571159198	-79.165996293	103.8			
T	36.516266417	-79.191966783	116.8			
T	36.413075632	-79.156549469	172.5			
T	36.313916314	-79.021803587	192.9			
T	36.267208767	-78.868132289	166.7			
T	36.261089165	-78.822131290	169.8			
T	36.276493551	-78.636976939	139.2			
T	36.298181009	-78.563487171	129.6			
T	36.332682687	-78.558207275	130.2			
T	36.364512588	-78.648594595	147.5			
T	36.358142873	-78.775068037	157.3			
T	36.348565567	-78.823518336	175.5			
T	36.332695876	-78.858828545	180.5			
T	36.316924697	-78.887176503	154.6			
T	36.301253742	-78.908632765	170.0			
T	36.251815907	-78.932562027	146.1			
T	36.203361462	-78.903460818	166.8			
T	36.170717101	-78.798512347	147.4			
T	36.155883207	-78.666646257	105.0			
T	36.152857804	-78.549834449	110.2			
T	36.158717721	-78.526064650	96.4			
T	36.176472508	-78.529688957	106.0			
T	36.248842063	-78.687293431	136.0			
T	36.258024737	-78.809143332	157.7			
T	36.245750232	-78.866758620	185.5			
T	36.200364594	-78.910275806	156.4			
T	36.179542235	-78.902182351	179.8			
T	36.115221938	-78.749550466	113.1			
T	36.100496142	-78.567860084	135.0			
T	36.123543530	-78.496233355	139.6			
T	36.185283657	-78.456059568	86.0			
T	36.386952675	-78.560144125	157.5			
T	36.469110371	-78.710946069	128.0			
T	36.475686907	-78.804027756	216.3			
T	36.399902067	-78.951865808	216.4			
T	36.304471769	-78.985480383	189.9			
T	36.236608394	-78.966791081	191.9			
T	36.170691908	-78.870304717	146.2			
T	36.155951134	-78.725233765	110.7			
T	36.164698409	-78.603447944	122.3			
T	36.200118597	-78.397419223	120.5			
T	36.273201319	-78.316464486	124.1			
T	36.400053378	-78.369353995	129.4			
T	36.459142445	-78.455413097	113.6			
T	36.475815666	-78.602304706	118.2			
T	36.387008303	-78.778774936	172.7			
T	36.248828863	-78.829993479	177.2			
T	36.158931471	-78.793251587	131.1			
T	36.106353501	-78.653981412	102.3			
T	36.106162062	-78.492769090	135.6			
T	36.123438481	-78.421725790	113.9			
T	36.161487844	-78.411305146	71.6			
T	36.329542587	-78.592477680	143.1			
T	36.396720602	-78.770893746	178.4			
T	36.403175153	-78.828414750	182.4			
T	36.386895702	-78.945981178	222.0			
T	36.374079624	-78.970714653	224.6			
T	36.329619179	-79.010786574	185.6			
T	36.304500205	-79.002238027	190.1			
T	36.267241435	-78.818184954	163.0			
T	36.270319151	-78.621147359	146.8			
T	36.301245435	-78.455447293	99.7			
T	36.351774788	-78.361527985	156.1			
T	36.367768907	-78.348188239	120.8			
T	36.462515131	-78.371368910	90.8			
T	36.602595079	-78.612925290	116.0			
T	36.620246752	-78.843081209	103.4			
T	36.613299252	-78.922234550	150.6			
T	36.536684465	-79.138825527	154.4			
T	36.406433920	-79.300449679	133.9			
T	36.351771418	-79.320768236	181.1			
T	36.335862763	-79.280241658	143.0			
T	36.351829248	-79.104219342	149.4			
T	36.329592799	-78.703907730	153.7			
T	36.304365386	-78.498650255	144.0			
T	36.295003042	-78.406135345	153.3			
T	36.291884234	-78.389918195	147.2			
T	36.218374832	-78.519534673	120.3			
T	36.115028885	-78.662463494	91.2			
T	35.977472339	-78.765754125	101.4			
T	35.918021106	-78.785108908	108.5			
T	35.920675707	-78.753871280	130.6			
T	35.993739270	-78.666399541	83.9			
T	36.083351893	-78.628308915	111.0			
T	36.138260390	-78.617099231	108.5			
T	36.307561995	-78.595688571	132.4			
T	36.374077387	-78.592784107	164.0			
T	36.221474684	-78.611550105	102.2			
T	35.844311778	-78.598781021	74.1			
T	35.730877952	-78.595835248	77.9			
T	35.857213534	-78.572313417	102.6			
T	36.088969588	-78.540754138	142.7			
T	36.245706328	-78.518360637	113.2			
T	36.282604591	-78.512310874	117.1			
T	36.345364215	-78.495205393	160.8			
T	36.200291698	-78.496175525	108.3			
T	36.021137797	-78.510644676	132.9			
T	35.974323927	-78.528077768	89.1			
T	36.026761833	-78.566773513	144.6			
T	36.320125474	-78.664643163	147.5			
T	36.472425323	-78.724452975	149.6			
T	36.358147601	-78.758097161	162.2			
T	36.058092573	-78.855056465	102.5			
T	35.918161728	-79.016744549	75.6			
T	35.947596543	-79.421703065	228.9			
T	36.100169485	-79.811053768	254.0			
T	36.281588710	-80.222193391	235.9			
T	36.309240007	-80.335308392	319.6			
T	36.245121417	-80.019273539	289.5			
T	36.226881886	-79.914058249	237.0			
T	36.097800232	-79.518702058	211.5			
T	36.046706417	-79.313264893	179.5			
T	36.069275579	-79.287813678	192.7			
T	36.221469051	-79.481632859	186.3			
T	36.438928108	-79.879361440	207.0			
T	36.481724496	-80.110718026	286.5			
T	36.448148278	-80.188333046	318.7			
T	36.428358080	-80.195135932	270.9			
T	36.325899182	-80.095618511	183.6			
T	36.224097223	-79.705847358	239.6			
T	36.209207456	-79.589574537	221.0			
T	36.173556374	-79.124493704	200.5			
T	36.221477088	-78.773317288	148.4			
T	36.282679830	-78.642811454	148.6			
T	36.409764182	-78.714585812	147.1			
T	36.479321205	-78.987843975	147.8			
T	36.482253731	-79.435915156	134.4			
T	36.370587063	-79.742111227	264.5			
T	36.345023047	-79.773629171	255.4			
T	36.304006889	-79.803189136	240.6			
T	36.323016958	-79.569555132	175.1			
T	36.329443607	-79.455391228	183.4			
T	36.316895525	-78.910720400	173.4			
T	36.313766586	-78.486969858	143.7			
T	36.339046061	-78.340234232	145.0			
T	36.364560650	-78.338580382	152.4			
T	36.459133035	-78.708668793	139.3			
T	36.479222576	-78.935739469	139.5			
T	36.442376602	-79.410717805	164.5			
T	36.393218466	-79.525653427	156.8			
T	36.380299601	-79.535275101	174.5			
T	36.403206891	-79.266260882	159.5			
T	36.426147555	-78.984347613	171.2			
T	36.429409470	-78.667440937	137.6			
T	36.435926376	-78.563055207	133.9			
T	36.442548162	-78.593174835	134.7			
T	36.455847139	-78.670954856	137.1			
T	36.472492812	-79.116636659	131.3			
T	36.432367234	-79.568726711	184.7			
T	36.367365627	-79.785995913	226.7			
T	36.341832332	-79.807127411	230.1			
T	36.322923037	-79.653663497	226.0			
T	36.298234555	-79.323909857	192.8			
T	36.270255979	-78.901166441	191.6			
T	36.264165129	-78.701978650	130.7			
T	36.273404430	-78.627387888	150.8			
T	36.279593291	-78.703387734	138.8			
T	36.307654955	-79.025520466	196.0			
T	36.304485678	-79.384246556	217.6			
T	36.285503238	-79.600869712	231.4			
T	36.205775368	-79.858726900	247.5			
T	36.149368577	-79.897624377	242.8			
T	36.120561853	-79.713248590	216.0			
T	36.117960630	-79.529303427	201.2			
T	36.109259334	-79.130121012	203.4			
T	36.106527853	-78.892233528	130.4			
T	36.129661540	-78.725200880	110.8			
T	36.126806820	-78.767595064	109.4			
T	36.112146494	-79.130014773	201.9			
T	36.106444977	-79.229853107	210.2			
T	36.054987943	-79.573939856	170.5			
T	36.012845655	-79.703822874	225.9			
T	35.996246788	-79.727504689	232.3			
T	35.990766075	-79.714447296	234.8			
T	35.996305579	-79.677254170	215.7			
T	36.018805664	-79.366810200	151.7			
T	36.038137510	-79.120066819	203.8			
T	36.060900340	-78.880286190	93.4			
T	36.077949560	-78.801946749	76.9			
T	36.083457590	-79.067092233	166.2			
T	36.094937705	-79.265294602	204.5			
T	36.115009025	-79.558141694	213.2			
T	36.132027609	-79.788641760	257.4			
T	36.131953731	-79.827457484	271.4			
T	36.149553388	-79.787207527	232.7			
T	36.158466414	-79.736082723	250.6			
T	36.147066989	-79.533956001	196.6			
T	36.126783435	-79.445800548	191.0			
T	36.063605276	-79.252804808	194.4			
T	36.049432601	-79.167241913	185.5			
T	36.123774273	-79.265066770	187.1			
T	36.279301452	-79.607153273	206.1			
T	36.332428797	-79.917585076	238.6			
T	36.304035439	-80.041630362	220.1			
T	36.269778231	-80.059723136	245.0			
T	36.236045951	-79.895385577	226.6			
T	36.218178036	-79.613155888	231.2			
T	36.194490233	-79.411851536	176.3			
T	36.188429928	-79.297255196	199.3			
T	36.218477115	-79.379495323	175.5			
T	36.239684648	-79.459178248	205.8			
T	36.263821504	-79.659352300	200.4			
T	36.196813254	-79.834709989	260.0			
T	36.126192431	-79.797730671	249.3			
T	36.010256225	-79.568168521	192.5			
T	35.988323569	-79.497967983	159.8			
T	36.010461968	-79.451692891	154.6			
T	36.043920621	-79.468637883	180.7			
T	36.245448304	-79.651361205	236.1			
T	36.263797469	-79.679295990	216.5			
T	36.266836639	-79.706147719	220.5			
T	36.176290797	-79.652851756	214.0			
T	36.032591465	-79.537826391	198.0			
T	35.899445033	-79.441939671	198.7			
T	35.923339579	-79.470479453	194.5			
T	36.069059785	-79.606653117	183.3			
T	36.117719039	-79.648519889	218.3			
T	36.094682161	-79.627572289	212.6			
T	35.960912447	-79.552854314	190.3			
T	35.952777816	-79.583505103	194.7			
T	36.088811720	-79.761741390	226.9			
T	36.161222421	-79.830727497	248.9			
T	36.335572654	-80.022804082	227.9			
T	36.149422516	-79.858641501	237.2			
T	36.004478997	-79.753443920	219.6			
T	35.896599527	-79.678344776	223.5			
T	35.886070367	-79.674400879	222.6			
T	35.923036179	-79.739277143	239.6			
T	36.196652751	-80.057999535	266.3			
T	36.309704871	-80.207374355	265.8			
T	36.315811232	-80.238847675	293.9			
T	36.266279480	-80.195919762	226.0			
T	36.196642573	-80.133648088	272.0			
T	36.017948380	-79.944251130	246.1			
T	35.993164724	-79.921954164	251.7			
T	36.054238454	-79.997100181	254.6			
T	36.263100805	-80.225345812	209.3			
T	36.309386537	-80.281397311	286.3			
T	36.353311916	-80.348093286	322.6			
T	36.229520416	-80.252058337	232.2			
T	36.085359412	-80.123786228	286.9			
T	35.954758591	-80.038387207	259.8			
T	35.927881773	-80.027847786	276.7			
T	36.134317133	-80.268910085	280.2			
T	36.184295693	-80.315340159	268.5			
T	36.235237903	-80.379389977	304.0			
T	36.214115115	-80.364715983	290.1			
T	36.108170232	-80.273224284	272.2			
T	35.943720828	-80.151836517	239.3			
T	35.916956518	-80.143744151	234.4			
T	35.954793431	-80.016551510	272.2			
T	35.990663911	-79.780329818	262.5			
T	36.001978522	-79.558261186	193.6			
T	35.974618715	-79.088195423	162.0			
T	35.966561540	-78.798282206	102.0			
T	35.966540188	-78.748291299	107.9			
T	35.999469857	-78.810369038	96.0			
T	36.138318448	-79.264951991	189.2			
T	36.217865802	-79.823894739	256.9			
T	36.205396817	-80.257167265	246.2			
T	36.184212653	-80.354773582	281.6			
T	36.163410690	-80.379630174	252.4			
T	36.163817926	-80.216136803	283.4			
T	36.178858170	-79.911163736	249.6			
T	36.181949854	-79.810154146	242.7			
T	36.212411025	-79.491152999	201.8			
T	36.221507565	-79.389424046	208.4			
T	36.273405170	-79.074110446	195.9			
T	36.304387117	-78.941909469	164.0			
T	36.310788917	-79.025340739	198.0			
T	36.320109472	-79.397956255	223.5			
T	36.254426885	-79.804674441	227.7			
T	36.236097522	-79.842449283	261.4			
T	36.190791371	-79.886473517	249.5			
T	36.164329015	-79.749646451	238.3			
T	36.164750272	-79.310294434	201.8			
T	36.194400496	-78.976306531	197.5			
T	36.209395658	-78.847042856	144.0			
T	36.215434220	-78.797052667	144.4			
T	36.221476000	-78.760120138	144.7			
T	36.230567077	-78.716100627	152.7			
T	36.227532404	-78.789160470	143.8			
T	36.224447571	-78.954458475	179.6			
T	36.224494229	-79.340052253	196.6			
T	36.224321359	-79.570714265	221.7			
T	36.221174493	-79.623232895	235.3			
T	36.212047333	-79.685093437	257.5			
T	36.212250867	-79.573322141	228.1			
T	36.215473878	-79.409047278	185.6			
T	36.218383446	-79.162302749	221.5			
T	36.242657005	-78.910093999	139.0			
T	36.279582503	-78.826955557	170.9			
T	36.197352515	-79.133430797	209.2			
T	36.144165985	-79.251947373	195.3			
T	36.072176384	-79.351608436	174.2			
T	36.060843710	-79.364217929	146.0			
T	36.046735184	-79.351337783	161.9			
T	36.052172755	-79.103629217	190.8			
T	36.052467476	-78.817410244	85.8			
T	36.072116366	-78.684291204	90.0			
T	36.086486039	-78.743311187	79.3			
T	36.074973195	-79.029191079	220.7			
T	36.007653206	-79.272274210	197.2			
T	35.950356604	-79.340996313	149.2			
T	35.931473641	-79.241828775	179.3			
T	35.939646811	-78.953333680	94.2			
T	35.960918476	-78.674080122	83.2			
T	36.001780024	-78.542359342	119.7			
T	36.071800222	-78.511535037	149.4			
T	36.100446309	-78.529209558	132.9			
T	36.191464123	-78.740573362	146.7			
T	36.167716829	-79.033513368	180.8			
T	36.010408769	-79.234482735	188.3			
T	35.928779864	-79.207851489	161.7			
T	35.912901018	-78.980062742	80.6			
T	35.934127340	-78.835983809	112.9			
T	35.999079723	-78.599539583	114.7			
T	36.086077788	-78.521954805	142.5			
T	36.144048491	-78.547990626	98.3			
T	36.179501483	-78.588156505	106.1			
T	36.236628927	-78.834506558	161.2			
T	36.161719546	-79.108677944	207.3			
T	36.055106648	-79.211575525	203.1			
T	36.013105206	-79.143099986	200.2			
T	36.027092153	-79.016192672	141.3			
T	36.080736176	-78.721582305	84.5			
T	36.161593097	-78.476619062	117.9			
T	36.326387033	-78.390133380	149.9			
T	36.435964122	-78.487035379	126.9			
T	36.429340656	-78.567493241	128.9			
T	36.261102918	-78.745621268	149.8			
T	35.963829895	-78.767359006	93.1			
T	35.926026451	-78.753220559	130.1			
T	35.902016466	-78.740738705	139.2			
T	35.907211406	-78.666049661	139.2			
T	36.071846664	-78.553162004	144.9			
T	36.173489230	-78.517086575	111.7			
T	36.304371633	-78.461630102	96.4			
T	35.974281175	-78.496717687	101.6			
T	35.777928059	-78.525200181	56.4			
T	35.765414380	-78.530400464	69.1			
T	35.841529792	-78.507887561	93.7			
T	35.912283332	-78.492161359	88.1			
T	36.164454325	-78.420554455	74.3			
T	36.316931618	-78.381783860	143.2			
T	36.051963284	-78.511723911	146.0			
T	35.960799861	-78.599138026	88.4			
T	36.052033014	-78.578676465	97.7			
T	36.114930267	-78.562354990	142.6			
T	36.396734695	-78.503804898	127.3			
T	36.429379384	-78.495028316	132.1			
T	36.279512909	-78.516163894	114.3			
T	35.985324034	-78.585933222	80.7			
T	35.936514546	-78.605986450	103.2			
T	36.203328809	-78.525300014	106.2			
T	36.406526279	-78.454093503	106.7			
T	36.377377072	-78.469381588	137.8			
T	36.083299763	-78.586612927	124.7			
T	35.944625945	-78.648327178	116.8			
T	35.828998717	-78.728604128	98.6			
T	35.899352622	-78.734915366	150.0			
T	35.958321322	-78.721225150	132.6			
T	36.024325228	-78.700122327	98.0			
T	36.267238203	-78.618249239	146.3			
T	36.351710194	-78.585843545	151.3			
T	36.138264787	-78.623590154	116.7			
T	35.883480200	-78.703162732	116.6			
T	35.859970212	-78.721562139	94.7			
T	35.883488298	-78.721579021	109.2			
T	36.141209146	-78.665378690	97.4			
T	36.276492985	-78.633636261	143.8			
T	36.409707218	-78.597898233	138.2			
T	36.351729621	-78.623167779	151.8			
T	36.276494837	-78.653679669	132.5			
T	35.931413448	-78.820772294	124.8			
T	35.849986575	-78.905442547	74.9			
T	35.855199102	-78.917158685	75.8			
T	35.993932039	-78.883229622	103.8			
T	36.218451727	-78.750572342	148.4			
T	36.258026940	-78.719375835	131.5			
T	36.320107223	-78.624200519	157.8			
T	36.188381118	-78.534308183	91.0			
T	36.032298070	-78.518259297	110.5			
T	35.952625763	-78.556717810	76.7			
T	36.153057422	-78.800386821	133.1			
T	36.393538733	-79.037666201	181.2			
T	36.439324801	-79.121321261	167.5			
T	36.432701979	-79.193808549	140.7			
T	36.393559795	-79.174192252	166.9			
T	36.412993168	-78.968063247	179.2			
T	36.419408891	-78.898977311	189.0			
T	36.449197185	-78.633746307	136.9			
T	36.455797032	-78.587802423	150.0			
T	36.489199687	-78.492196969	119.9			
T	36.506089336	-78.577022183	108.3			
T	36.482404967	-78.852055982	150.7			
T	36.406461554	-79.279922069	167.8			
T	36.345174959	-79.509948840	218.6			
T	36.307280941	-79.615635782	199.3			
T	36.374120010	-79.286866179	163.1			
T	36.406540880	-79.019846963	193.8			
T	36.426078232	-78.747058477	160.6			
T	36.426104586	-78.729841814	158.5			
T	36.426246593	-79.053071065	199.5			
T	36.380319627	-79.491028750	211.4			
T	36.364229316	-79.582008704	163.5			
T	36.288424884	-79.781506583	254.6			
T	36.269823701	-79.796303541	253.5			
T	36.260915355	-79.546209076	225.3			
T	36.267200872	-79.160864341	199.6			
T	36.298170539	-78.878732480	159.7			
T	36.316945949	-78.866993784	189.1			
T	36.390178587	-79.327734224	144.7			
T	36.370573842	-79.786314584	194.3			
T	36.294634071	-80.080448549	229.7			
T	36.282195746	-80.085132215	253.0			
T	36.313449735	-79.696639775	246.9			
T	36.332766423	-79.337545992	177.8			
T	36.358203409	-79.137844820	148.1			
T	36.387083042	-79.184586478	155.3			
T	36.445488074	-79.628082003	224.9			
T	36.390043284	-79.965944409	202.0			
T	36.306947603	-80.126144333	191.9			
T	36.263601072	-80.072081059	248.5			
T	36.185227335	-79.620816711	224.0			
T	36.185432421	-79.280918934	209.2			
T	36.224441270	-79.056662185	200.9			
T	36.203414108	-79.349725716	203.4			
T	36.152561490	-79.751782369	269.1			
T	36.065558557	-79.986017677	269.3			
T	36.020584219	-80.011037813	248.1			
T	36.001756569	-79.728015251	221.7			
T	35.988436590	-79.331922360	178.9			
T	36.029970295	-78.921081896	109.6			
T	36.095082946	-78.800108635	75.9			
T	36.170660847	-78.958367854	150.8			
T	36.194485823	-79.402027655	188.8			
T	36.117170276	-79.974257566	289.5			
T	36.023150458	-80.134981256	268.3			
T	36.009425569	-80.059848111	261.9			
T	36.010411819	-79.486320935	170.7			
T	35.996672557	-78.992944280	136.6			
T	36.049343888	-78.626849585	120.9			
T	36.109210732	-78.634238339	99.8			
T	36.147158672	-79.005485715	172.7			
T	36.103406402	-79.586418679	212.2			
T	36.020986728	-79.830886998	248.6			
T	35.982350233	-79.860942870	239.1			
T	36.004626537	-79.627598825	209.3			
T	36.004763183	-79.102512444	150.0			
T	36.024442617	-78.772882158	86.8			
T	36.074899761	-78.661526641	77.7			
T	36.209407208	-78.820723646	148.6			
T	36.307557018	-79.246844296	174.2			
T	36.319747368	-79.845234485	261.6			
T	36.223783198	-80.105338496	231.8			
T	36.143369389	-80.098296498	277.3			
T	36.117514459	-79.790366106	241.5			
T	36.129659083	-79.348990141	195.9			
T	36.153054545	-78.810142304	110.4			
T	36.212398984	-78.579892133	123.7			
T	36.304442715	-78.612948341	151.5			
T	36.364468232	-78.967971821	198.9			
T	36.301141416	-79.524814563	203.3			
T	36.117499152	-79.796814096	237.0			
T	36.032182045	-79.794160466	226.4			
T	36.010375404	-79.508357052	187.0			
T	36.069264839	-79.042288108	211.7			
T	36.118093556	-78.739529333	116.4			
T	36.221489601	-78.657786876	139.2			
T	36.342145950	-78.895156193	174.6			
T	36.298246359	-79.333948244	211.8			
T	36.147115041	-79.508021186	203.7			
T	36.066457329	-79.494942720	188.5			
T	36.055016604	-79.119400501	216.9			
T	36.080708062	-78.708775269	76.7			
T	36.167344277	-78.351268926	76.6			
T	36.326385268	-78.352902997	147.4			
T	36.429411637	-78.674331857	133.1			
T	36.339068381	-79.209363111	148.6			
T	36.173680299	-79.463537069	216.3			
T	36.132498696	-79.517079398	196.8			
